2.043333333333333446e+00 0.000000000000000000e+00
2.129999999999999893e+00 0.000000000000000000e+00
2.216666666666666785e+00 0.000000000000000000e+00
2.303333333333333233e+00 0.000000000000000000e+00
2.390000000000000124e+00 2.451502900371035150e-04
2.476666666666666572e+00 2.840845692460219896e-02
2.563333333333333464e+00 4.591537764927324239e-01
2.649999999999999911e+00 1.718752123370457907e+00
2.736666666666666803e+00 2.758320735823562853e+00
2.823333333333333250e+00 2.712078593793684878e+00
2.910000000000000142e+00 2.133236548981601644e+00
2.996666666666666590e+00 1.595165745108777511e+00
3.083333333333333481e+00 1.230162862002723401e+00
3.169999999999999929e+00 1.050650738108713567e+00
3.256666666666666821e+00 9.512902580754752924e-01
3.343333333333333268e+00 9.153018971903355006e-01
3.430000000000000160e+00 8.944786150064020225e-01
3.516666666666666607e+00 9.005518866579651505e-01
3.603333333333333499e+00 9.061253468446551773e-01
3.689999999999999947e+00 9.215174004311716960e-01
3.776666666666666838e+00 9.322236297368715618e-01
3.863333333333333286e+00 9.480485802532255812e-01
3.950000000000000178e+00 9.706089169471923128e-01
4.036666666666667069e+00 9.897340984554829912e-01
4.123333333333333073e+00 1.014189443903394494e+00
4.210000000000000853e+00 1.035143878907980541e+00
4.296666666666666856e+00 1.051788436165848495e+00
4.383333333333332860e+00 1.063454982505106505e+00
4.470000000000000639e+00 1.074564977749072447e+00
4.556666666666666643e+00 1.073476988366011797e+00
4.643333333333332646e+00 1.071424438767352383e+00
4.730000000000000426e+00 1.067278330344325177e+00
4.816666666666666430e+00 1.056977081577502142e+00
4.903333333333334210e+00 1.043077596906233362e+00
4.990000000000000213e+00 1.031945975257380521e+00
5.076666666666666217e+00 1.019581172390741974e+00
5.163333333333333997e+00 1.002072155659327279e+00
5.250000000000000000e+00 9.920133580394718820e-01
5.336666666666666003e+00 9.811705545145076313e-01
5.423333333333333783e+00 9.671131649035559219e-01
5.509999999999999787e+00 9.586126433146927583e-01
5.596666666666667567e+00 9.458771641124268381e-01
5.683333333333333570e+00 9.432085692566614110e-01
5.769999999999999574e+00 9.466437751516526555e-01
5.856666666666667354e+00 9.491514786253216762e-01
5.943333333333333357e+00 9.572591284367385489e-01
6.029999999999999361e+00 9.699738528146751859e-01
6.116666666666667140e+00 9.811138138987214319e-01
6.203333333333333144e+00 9.936554695958927930e-01
6.290000000000000924e+00 1.003371625353323138e+00
6.376666666666666927e+00 1.012179923920799363e+00
6.463333333333332931e+00 1.024538271511845844e+00
6.550000000000000711e+00 1.028803888575511527e+00
6.636666666666666714e+00 1.037778810446065014e+00
6.723333333333332718e+00 1.039833245929438599e+00
6.810000000000000497e+00 1.037388834796260539e+00
6.896666666666666501e+00 1.041908560749255086e+00
6.983333333333334281e+00 1.041809687427390330e+00
7.070000000000000284e+00 1.039119068576215055e+00
7.156666666666666288e+00 1.038279244993701722e+00
7.243333333333334068e+00 1.030128288703944239e+00
7.330000000000000071e+00 1.024558671946079746e+00
7.416666666666666075e+00 1.018649887217707217e+00
7.503333333333333854e+00 1.011925266592779815e+00
7.589999999999999858e+00 1.009847936110084721e+00
7.676666666666667638e+00 1.004548504607033710e+00
7.763333333333333641e+00 1.000648676637211132e+00
7.849999999999999645e+00 9.961958468190271754e-01
7.936666666666667425e+00 9.957553090186942457e-01
8.023333333333333428e+00 9.959884355543305867e-01
8.109999999999999432e+00 9.937052436284298240e-01
8.196666666666665435e+00 9.928392261684979569e-01
8.283333333333334991e+00 9.947474527459523319e-01
8.370000000000000995e+00 9.964335048583655707e-01
8.456666666666666998e+00 9.992518013948744615e-01
8.543333333333333002e+00 1.001533581621301794e+00
8.629999999999999005e+00 1.001771489583287655e+00
8.716666666666666785e+00 1.003916459792022264e+00
8.803333333333334565e+00 1.005760610846603065e+00
8.890000000000000568e+00 1.005550977326380657e+00
8.976666666666666572e+00 1.008263092919647219e+00
9.063333333333332575e+00 1.007497268385151301e+00
9.150000000000000355e+00 1.006486364476877116e+00
9.236666666666668135e+00 1.006891152397644262e+00
9.323333333333334139e+00 1.008788132615489941e+00
9.410000000000000142e+00 1.005892722398517236e+00
9.496666666666666146e+00 1.006639503232368060e+00
9.583333333333332149e+00 1.007269199253094660e+00
9.670000000000001705e+00 1.004466138058484059e+00
9.756666666666667709e+00 1.006482123075751467e+00
9.843333333333333712e+00 1.006316781692460083e+00
9.929999999999999716e+00 1.005840964558846196e+00
1.001666666666666572e+01 1.005442864884717125e+00
1.010333333333333350e+01 1.006341904579462376e+00
1.019000000000000128e+01 1.006136514067803134e+00
1.027666666666666728e+01 1.005104904638409069e+00
1.036333333333333329e+01 1.006001560649209203e+00
1.044999999999999929e+01 1.006328762785752007e+00
1.053666666666666707e+01 1.005108135694129601e+00
1.062333333333333485e+01 1.006124647185303145e+00
1.071000000000000085e+01 1.006014883598407295e+00
1.079666666666666686e+01 1.005203791940159963e+00
1.088333333333333286e+01 1.005402262386480228e+00
1.097000000000000064e+01 1.005383906872268751e+00
1.105666666666666664e+01 1.006761904616697567e+00
1.114333333333333442e+01 1.005163752655332976e+00
1.123000000000000043e+01 1.006960935191192119e+00
1.131666666666666643e+01 1.004701235423001826e+00
1.140333333333333243e+01 1.004083501456233485e+00
1.149000000000000021e+01 1.003795659246478289e+00
1.157666666666666799e+01 1.003769598926760986e+00
1.166333333333333400e+01 1.004809670594414062e+00
1.175000000000000000e+01 1.003070361420049350e+00
1.183666666666666600e+01 1.002831219628404602e+00
1.192333333333333378e+01 1.001979841266062321e+00
1.201000000000000156e+01 1.002609580598129435e+00
1.209666666666666757e+01 1.002496679686250447e+00
1.218333333333333357e+01 1.003194219213860983e+00
1.226999999999999957e+01 1.002446530596748930e+00
1.235666666666666735e+01 1.003530573199246545e+00
1.244333333333333336e+01 1.002293891115487057e+00
1.253000000000000114e+01 1.002280901876460018e+00
1.261666666666666714e+01 1.003753473886303649e+00
1.270333333333333314e+01 1.004521279262164279e+00
1.278999999999999915e+01 1.004640024920993691e+00
1.287666666666666693e+01 1.003209169793198630e+00
1.296333333333333471e+01 1.005056500358262550e+00
1.305000000000000071e+01 1.003291257276673676e+00
1.313666666666666671e+01 1.004578654369444379e+00
1.322333333333333272e+01 1.003848773686663698e+00
1.331000000000000050e+01 1.004999582995036667e+00
1.339666666666666828e+01 1.003252353476556502e+00
1.348333333333333428e+01 1.004229473561946362e+00
1.357000000000000028e+01 1.003972862158444945e+00
1.365666666666666629e+01 1.002970501565191963e+00
1.374333333333333407e+01 1.004339010707380853e+00
1.383000000000000007e+01 1.003300475479511400e+00
1.391666666666666785e+01 1.003728584279927949e+00
1.400333333333333385e+01 1.002664552216456118e+00
1.408999999999999986e+01 1.002496382708984557e+00
1.417666666666666586e+01 1.002794144400329879e+00
1.426333333333333364e+01 1.002859221850970428e+00
1.435000000000000142e+01 1.001695963393673949e+00
1.443666666666666742e+01 1.003182603125702510e+00
1.452333333333333343e+01 1.002876271930378982e+00
1.460999999999999943e+01 1.003014453681686513e+00
1.469666666666666721e+01 1.002354046020789591e+00
1.478333333333333499e+01 1.002662028502299796e+00
1.487000000000000099e+01 1.002017744509833719e+00
1.495666666666666700e+01 1.003378160948642517e+00
