5.659611980872075732e-01
-4.831895811247683969e-01
6.592710473171942143e-01
2.922428361431769206e-01
2.688259908721881697e-01
3.039465068330476916e-01
2.514231687855300601e-01
-4.039537890817124222e-01
-2.078834191675169585e-01
2.063433377121617340e-01
5.341889625486639925e-01
3.521327868973511688e-02
8.298303594321041476e-01
4.630120178942066511e-01
8.284119927497091140e-01
5.892648639781324915e-01
-7.852148190543783990e-02
1.285314867148977802e-01
3.752347532608470981e-01
-2.791786934654449936e-02
-6.278229272591082655e-01
3.451722191075076163e-01
-8.088740982974784721e-02
-2.741927501753207430e-01
-6.066810335705690171e-01
-1.161080487459471566e-01
-3.895920212135672855e-01
1.348856165746129543e-01
-4.716374009224717501e-01
-1.106213438335090782e-01
9.582523701544309880e-02
8.722874876934538779e-02
-4.785913385992168756e-01
-2.924786484389805263e-01
-9.488000315715510169e-01
2.091728522083251551e-01
-1.886238529528894148e-02
7.625574437239612813e-02
-3.114213357194206555e-01
5.164676702114423534e-02
-3.930673592146223250e-01
2.001723295046347051e-01
4.117018324212990965e-01
6.697039584953113911e-01
4.368927522366224947e-01
-9.558486848711300610e-03
6.028782738170972433e-01
2.105365392665128343e-01
-4.269241026291561436e-01
-7.448905150268823050e-01
1.437990355182727775e-01
5.115167985990706212e-01
4.122870086322671934e-02
6.085200402942680942e-01
9.086891560116483468e-02
6.423140337072607009e-01
-1.880692836909569898e-01
-5.317001611399128080e-01
1.341034871096749015e-01
-3.711032228038937397e-01
6.783681920404410759e-01
5.012172810830414216e-01
-4.153315817473213212e-01
7.090639210007632087e-02
4.910501671063949303e-02
-1.539474618020264529e-01
-3.092809832421883343e-03
7.156774972722643735e-01
2.489226875056063104e-01
3.989374211428395878e-01
5.142360296027966848e-01
6.048787158521971019e-01
3.363320258700081000e-01
-9.640159539182953097e-01
-5.013467965249822633e-01
3.120440010470333370e-01
-8.571816675300472088e-01
1.456286894147036381e-01
4.512735372732387118e-01
2.906248373856150646e-01
-1.278198588384071854e-03
8.718885465095738141e-02
8.279694409971340985e-01
-7.558870076456440934e-01
-1.160727500140503743e-01
9.188124672615218813e-01
-6.710412658460085389e-02
4.931350706043012844e-01
-5.208529971428779159e-01
3.647330911851511814e-01
6.996647241912437032e-01
7.150757383963626257e-01
-1.397075866265680144e-01
-2.824782628148236885e-01
4.235460369475457787e-01
-3.907302753668393525e-01
1.164004701395215946e-03
1.144739708731916661e-01
5.653741309020628991e-01
4.302972898585427641e-01
-5.664042790669028271e-01
2.432265411728605775e-01
-2.215778868324971285e-01
-7.976088036038766482e-01
4.012326453641649193e-01
4.863418049505443541e-01
-9.520869284612549777e-01
4.707653123562102193e-01
2.502503267790368024e-01
6.954840162370551360e-01
2.601464639792137046e-01
-1.170240710270412432e+00
7.617381800054112695e-02
3.536784451487060554e-01
4.009427374692929869e-01
-1.126028113662209673e-01
3.430025381207397750e-01
1.875860061537514278e-01
4.647061236698168951e-02
8.501416742868472820e-02
1.575705267882219207e-01
3.473478821359000657e-01
-8.715488516592806434e-02
4.146407891232551934e-01
3.143137225023325820e-01
-2.206552502680712013e-01
1.730416016344815677e-01
-1.795776790828123026e-01
7.708245413282892589e-01
7.324643424603407560e-01
6.275721674266511174e-01
4.902429081212811290e-02
-3.404559087687928365e-01
-1.644135762571850012e-01
3.354098993057307299e-01
4.306304600628653168e-01
4.989755030677512915e-01
-6.318628276754667539e-02
3.930913470267598520e-01
-7.486049127799505598e-01
1.344659814111877072e-01
8.242524100757053773e-02
1.024968177845406725e-01
2.193290983301445785e-01
6.041098433649084720e-01
-2.054873322564112037e+00
-5.478350967261607085e-01
-2.446602660547805286e-01
-3.015225422409972822e-02
4.583041123602162870e-01
4.664809573779711283e-01
4.849527425937417702e-01
3.436986083941342418e-01
-5.976251349565553372e-01
-3.083376651680624914e-01
3.148058845176371356e-01
-4.813163019891582017e-01
-3.551264283916411024e-01
7.358727346822065973e-01
5.573674487639654895e-01
-9.013164759382519264e-03
-6.374626180498208505e-01
-2.354525381771981341e-01
8.229886300800832721e-01
-1.378267037084619950e+00
-3.540383202044479205e-01
-5.849895073675190904e-01
5.375618213737998197e-03
2.714921433662536021e-01
-1.231854589363912122e-01
3.890058623392105286e-01
7.745561641400633413e-02
6.516267574805170160e-01
-3.238120526691390388e-02
6.034131819441983513e-01
-5.928152309657028773e-01
2.657704242568685871e-01
3.717393319394399764e-01
1.891789139489601368e-01
2.320532766316273365e-01
2.806703882471259792e-01
-1.866013316962087387e-01
6.018163268042076020e-02
9.113522620976566291e-02
1.119347449713921083e-01
7.398476835173719568e-01
7.047233645232897636e-02
9.185210676204891289e-02
-2.472954892895802281e-01
7.002214587502152421e-01
5.282387520561064864e-01
7.043386964417805984e-01
1.566675729978821430e-01
-1.591762175071051999e-01
4.185709109646846837e-01
5.638881656395644537e-02
2.995421220782208405e-01
-4.408612879702253906e-01
9.753347365663711521e-02
3.769503014203030578e-01
5.018550054742186850e-01
4.238327214697539258e-01
-7.341342081253179330e-01
-1.773014342604830595e-01
1.658027914866191388e-01
3.219274503903849505e-01
4.645982305224083397e-01
7.482186905769939722e-01
4.584546192424387989e-02
-1.764073163751329609e-01
-7.992463420227575721e-01
-1.219486023932934149e-01
2.832093634013421735e-01
-1.552822274782242218e+00
6.373143968048308183e-01
-5.688131755238916565e-01
-9.765629431091049639e-04
-1.453667188175833402e-02
1.443409707433879197e-01
5.592698373731749273e-01
-1.577598396707116102e-01
8.391657317598593124e-01
-8.698345167635679331e-03
-3.378155918003944436e-02
2.164135963019140352e-01
2.300800404187268722e-01
2.686329597307315353e-01
2.072586981904496195e-01
-2.858244263314217992e-01
-1.041705374852750499e-01
2.257575668199058860e-01
3.404030231623857983e-01
-8.396843414394763450e-01
3.270049891528565844e-01
-7.603122576461451843e-03
1.848921757793564602e-01
3.405236740484285374e-01
-4.281751783648610754e-01
3.857616868419277978e-01
-8.593106216603763059e-01
-4.343116080038229576e-01
-4.118429280892119682e-01
4.235142428436209361e-01
3.135593359542838687e-01
-8.258549603134404116e-01
-5.318569482693034089e-01
2.030683169397757837e-01
2.268301088711595082e-01
2.173484300259935775e-01
4.954169232663248046e-01
1.600296427311436176e-01
5.737919988493904722e-01
9.208021351077877448e-02
7.428266871013842199e-01
-5.099792497786608259e-01
5.047076721653117604e-01
5.155071798434209818e-01
-7.535445758549541573e-01
3.634458573310391793e-01
2.885685624638554270e-01
3.347365922890621626e-01
3.490512619768129099e-01
-2.720267611727587020e-01
8.171154964779194785e-01
2.653756875241858326e-01
2.836399002987253226e-01
-1.238669028049166343e-02
-1.248060760601646280e+00
-2.826450815763839053e-01
1.218566419801447864e-01
1.680222181006958415e-01
5.594248673949975270e-02
-9.515136261607646251e-01
-4.698236775706954305e-02
-1.388831121728710816e-01
3.858644668538141476e-01
-1.045248973937105141e-01
6.789294124348175252e-01
7.966369763111819102e-01
5.076111485315605298e-01
-8.716227446310216287e-01
-1.972376250798875130e-01
-7.948886379813635550e-02
-1.647830219331680723e-03
-1.110283079722574229e+00
1.729260453473195902e-01
-8.306965556960874686e-01
3.377676304182715139e-01
2.501724608577537978e-01
2.824912202719317422e-01
6.991946652954619257e-01
2.731343860467725371e-01
-4.087506215178042801e-01
4.161456224535389214e-01
8.997223707402679516e-02
6.844479114480187532e-01
7.661611983392339065e-01
1.736590923880447779e-01
-4.736335313269421921e-01
2.109948330332315214e-01
2.418750846169182012e-02
2.995737193986542923e-01
-1.921380087167945394e-01
2.551187326647134102e-01
-5.579898568032648498e-02
6.845018332993191290e-02
-6.208327262004083025e-01
7.883634687021778831e-02
4.204102717155809854e-01
6.492052839125167507e-01
6.086096526467625889e-01
2.397493208099190642e-01
2.759002969675059536e-01
5.628319117371952673e-01
2.616667761796597214e-01
3.485957008710856009e-01
2.542300947931043220e-01
4.074258678996325322e-01
2.375095457801699173e-01
7.820922449880376437e-01
1.329528338103792562e-01
1.433286791876494659e-01
-3.367025919603765516e-01
6.817135800853257876e-02
1.367826927581078378e-01
-2.594643635570355045e-01
3.565551959053836484e-01
1.772689674547511807e-01
2.170526723254945223e-01
1.439877062665024798e-01
1.079507976452414031e-01
4.859233230764425926e-02
6.147701680212874775e-01
2.299165072165715307e-01
7.316399495906397155e-01
8.607762636613611740e-01
4.925664811634287155e-01
-1.204839633406770361e+00
8.959130804878169263e-01
7.700146197250012925e-03
5.242493279894739899e-01
-2.762334628545910498e-01
4.676394710634763641e-01
7.911330520816273193e-02
7.340205035406042189e-01
1.370477022047890125e-01
5.505036483144156723e-01
-1.072357425400101150e-01
-6.174445615334840376e-01
6.826911137613120850e-01
4.835923398601549295e-01
-1.874905382025995326e-01
2.761186187730453323e-01
3.435768790215720792e-02
5.068776798374590165e-01
3.342841211785905209e-01
-7.403115158421060826e-01
5.002922815551013036e-01
4.428711856211147158e-01
4.201022737273110153e-01
3.398160637380658322e-01
-1.155055072106800917e+00
-1.411193665840063005e+00
8.221483795371842263e-02
2.865975653190394601e-01
-5.089479296242314099e-01
3.571357353929922596e-01
1.739515966204254749e-01
2.814832275522671790e-02
4.524981930725258117e-01
3.814486923853961375e-01
4.747352926487269364e-01
-4.074002056466774491e-02
-1.949987068300393922e-01
2.421977340751184649e-01
-3.029821870862918765e-01
2.125550324729561513e-01
-4.320210212071367017e-01
2.760041110588010715e-01
3.632197556488254708e-01
4.612475049267386051e-01
3.645889572356060260e-01
5.880959483423805478e-01
1.667452474974771004e-01
2.155455293307080300e-01
-6.532484968549474580e-01
1.331656909332368244e-02
8.133218879675208068e-01
2.917683514781890253e-01
7.974204235168691479e-01
-3.850170369363419276e-01
4.651666457294678647e-01
-3.872876517157048948e-01
7.508913739662805842e-01
-1.829754652014092819e-02
-8.984834160961430172e-02
-9.562021368328688098e-02
2.148963567626560600e-01
1.913119313447009251e-01
-3.783074316668562087e-01
2.657922178202953845e-01
4.625183811051774008e-01
1.154746122164336253e-01
7.009775147771473147e-01
1.752131887364305474e-02
5.007649779953824432e-01
-7.032754480259182372e-01
-2.391680011452868015e-01
5.320000022990358790e-01
2.442289353079667436e-01
6.298949416924100042e-01
5.729615321221261937e-01
-2.906404016951673608e-01
1.740272755459819631e-01
5.017599745367369302e-01
3.233363170496190708e-01
4.252791004674993935e-02
1.879452742304996704e-01
-2.568231614331497603e-01
3.334191223783128377e-01
5.315593945751120319e-01
2.011373790040380527e-01
-5.837662994548975526e-02
7.285412715115807680e-01
-1.798318815961241768e-01
-4.610017747138313027e-01
-7.567165522382790499e-01
7.400545253156380898e-01
-4.588219716961412509e-01
2.919736906173123758e-01
4.060454450768824497e-02
5.372865803588696698e-01
7.239976485027930231e-01
-4.704491485869102263e-01
-1.981277786840873745e-03
-2.734220949415955282e-02
1.505645667121674469e-01
2.302880017198865037e-01
1.947483008056895004e-01
-3.117342338113262556e-01
8.110171893033480961e-01
8.394513549826233545e-01
-1.816000144162319696e-01
-3.579353021557982739e-01
7.690175456805433685e-01
6.207827963757839296e-02
3.295647554234413246e-01
6.797875018071439790e-01
-1.075887304541338629e-01
2.876729929857063661e-01
5.295647436283282827e-01
-2.108092066836375622e-01
5.640523373247358085e-01
1.265340022166092648e-01
4.788777538956239255e-01
7.004876677889781966e-02
8.616129047601217561e-02
-5.283866358063260549e-02
2.150473366409821896e-02
3.220530935229124481e-01
2.942961164827038179e-01
1.324590454832919040e-01
4.393517438047582768e-01
-8.565078797668803645e-01
1.996530222184738079e-01
3.556665558038022423e-01
-3.172040910177218453e-01
2.706332346096812502e-01
6.973368864659895694e-01
7.404686393401902489e-01
7.566920468623782314e-01
-6.181208529070478797e-01
-5.846553657165420859e-02
6.010134380771743334e-01
-1.077289130531597916e-01
-2.591643463071866549e-01
2.384695421119324976e-01
5.943263536332467067e-01
-4.325612083428254095e-02
1.515777368953863391e-02
7.678027719125490869e-02
-8.085352720358982559e-01
4.761553513342061672e-01
3.033332752648538744e-01
-2.079036904511433193e-02
2.649410503033897690e-01
4.368178631517607435e-01
5.764781913905511201e-01
2.822273305760794049e-01
1.624444766799815199e-01
6.361668497929082733e-01
-1.114619006016667413e+00
3.396731882220731524e-01
6.033565496357669034e-01
1.639641279627757076e-01
4.375801503744498611e-01
-8.892225050912563322e-01
-2.418352888605215245e-01
3.347060187371833084e-01
6.083919751184567737e-01
-7.384065212628601049e-01
3.364434034040334476e-01
2.879002665313383780e-01
-1.043516187093428194e+00
3.965019483316679638e-01
6.363050504042127020e-01
1.662756108549368061e-01
1.226995653846563172e-02
-9.681377331218987692e-03
8.116109488344793732e-01
5.155145310988801244e-01
-7.044879745461241072e-02
-2.916229845549114241e-01
1.881570893919954912e-01
-5.214189983038406417e-01
-6.085076098011876766e-02
1.174092338026631044e-01
3.674487506968402428e-01
-8.185890433886569006e-01
4.452925199040546067e-01
-6.599276781495000410e-01
4.406424575091876239e-01
-2.215299565755677325e-01
6.511864787543757416e-01
3.914669715583685150e-01
4.500545920544712919e-01
4.549439239999630846e-01
4.812852942343283091e-01
5.569366944900449035e-01
1.038109714917405668e-01
-5.787476279232155463e-01
5.115877279950187262e-01
4.440907064691193007e-01
6.156760429244685362e-01
-3.672289819674734446e-02
2.407041752482985686e-02
1.673537760151020404e-01
4.600626210556166829e-01
-2.089341192570737249e-02
-1.171523946709145392e-01
1.167917275632222029e-01
2.848252124489312198e-01
8.293405698110002389e-01
3.935984634883316069e-03
2.468142987715841175e-01
-1.327098260914276739e-01
-3.456161285500496394e-01
4.546497764945131026e-01
7.636176554950947493e-01
4.605008393424501190e-01
6.183027125450002437e-01
4.408017187665671521e-01
1.474338992939800974e-01
1.352939224875784330e-01
-4.557295975774744434e-02
2.792556425114184337e-01
3.879291526824344416e-01
7.214011750409663470e-01
2.987508777564606977e-01
6.442671123156138435e-01
-4.098240756719917499e-02
6.458934816333630202e-01
-5.683758898208459698e-01
4.539966195250194625e-01
-7.785394833908734213e-01
-6.351486497174865242e-01
-7.965501796106093657e-01
-3.989357550432743871e-01
-6.663554872950960828e-02
3.782398513286868713e-01
3.680865151887198206e-01
2.934549238401907845e-01
2.578702253899518571e-01
9.478963877067156929e-01
5.569888143468528785e-01
-9.643415748247008423e-03
6.117456569620798312e-01
-6.727809551692778278e-01
-8.313611149100932352e-01
-1.293998107048058621e+00
8.661086407162326140e-01
7.281231191309301964e-01
-3.169254004731048013e-02
-1.592987054141348224e-02
4.462387586590491617e-01
4.938429241671405956e-01
2.443405086299641482e-01
3.228195015089505571e-01
4.221328083725489622e-01
7.728892989858053841e-01
-9.973667775623109577e-01
2.491477780279397480e-01
2.489887439670327440e-01
9.750974211906303646e-01
1.262584384980466323e-01
-7.543741025421264457e-01
-7.498775692372365853e-01
2.621264686164559432e-02
5.146142448142072556e-01
4.638901940123887346e-01
8.426045892067901555e-02
-8.064089980112685296e-01
2.137198460293443514e-01
3.637597055201360341e-01
4.684395870212785251e-01
-8.981836861831027363e-02
-7.842612819695222726e-01
-5.961743288265730634e-01
4.980518967338503078e-01
-3.130642078371987935e-01
4.089134339300373178e-01
2.271741516499977687e-01
4.936700250741247187e-01
4.904792510144253548e-01
3.374455733396733992e-01
-3.422188598052888775e-01
-1.142524990011750674e-01
-6.042805400484292377e-01
9.256902408618056244e-01
-6.548422637433182203e-02
7.095059352764474525e-01
-1.241809221038794764e+00
4.526689224170769021e-01
6.917669247684010703e-02
-4.445595917598494928e-01
-3.714418952740285995e-01
1.271726013792476850e-01
-2.713445604078557061e-02
-5.171884018260284321e-01
4.552952446865883296e-01
-8.458270557367888465e-01
-2.017311535463104377e-01
3.172384017002712886e-01
-1.493787493801419508e-01
-4.229010043346161929e-01
2.926170389777550396e-01
-1.234885187865093492e-01
7.980818001223322078e-01
1.442785445742618133e-01
-3.410711750718156132e-01
2.731160678790209850e-01
5.441864441352817217e-02
7.392450979654611176e-01
2.016282602492167619e-01
5.831726887468671183e-01
3.794675641911604558e-01
3.649725981118343565e-01
-1.017822908171393870e+00
-5.704204944682511602e-02
4.076232625430573631e-01
7.047317727154105427e-01
1.386306001918610198e-01
2.922725593091054508e-01
-9.802515903271480369e-02
4.044490201993584666e-01
5.685313750655430765e-01
1.339830124246303988e-01
-1.065924283271182382e-01
-2.919269405806703688e-01
3.140398979266832979e-01
5.056033784129270181e-01
-1.041889349974656209e-01
3.941877113826960377e-01
-5.432380502220781615e-01
1.963495842926925583e-01
-3.665504663884906478e-01
-8.658840611122853304e-02
2.460659614381488502e-01
3.693747536495931572e-01
3.561474452338118102e-01
3.787319806928894916e-01
-6.200850895257277173e-01
-6.488169363125466660e-01
1.965491800112424414e-01
2.140676903957747790e-01
-6.546245299381416860e-01
1.977520455313853676e-01
-4.021147623422072215e-02
3.015688040973624195e-01
-7.125066403727235986e-01
7.118306695280555152e-01
-8.437718772770308462e-02
-1.815781152555140388e-02
2.262456851383833900e-01
-2.935804967029342905e-02
3.710464777712954021e-01
1.750155342448890261e-01
-7.298051046529359098e-01
-6.949834183377225916e-01
-8.162883719711016006e-01
3.470085064143144660e-01
5.130651263815856344e-01
-2.466969102859584151e-01
2.108493806629085920e-01
-4.792020269646108943e-01
3.256005376724530054e-01
-3.480213908601870187e-02
5.553545733184331867e-01
-8.079259715578497314e-01
2.824892117512052270e-01
1.465685096373692264e-02
6.265589051716500268e-01
2.288190571882813273e-01
-2.359078854028990868e-01
4.165546135339424083e-01
2.285906356643596649e-01
5.571764765625994986e-01
2.490996842922474919e-01
1.023579351243597557e-01
-3.540162515330225190e-02
6.665164818049167383e-01
2.146286932205510034e-01
-3.975612116468865143e-01
7.849329599260053136e-01
2.268032500083665415e-01
2.228577114088404754e-01
3.899058619799116165e-01
2.925687321884956615e-01
8.316585059272016967e-01
3.772757119493195255e-01
4.297453742876570226e-01
5.991733487813273307e-01
1.410245182188740731e-01
3.489250536999877195e-02
2.380069071751118592e-01
-7.776739792294737885e-01
5.156636024957552689e-01
8.317283969742061966e-01
4.731976429977777787e-01
4.316064650803256297e-01
3.457902354070852002e-02
4.989706103124224024e-01
-1.011963261610306919e+00
3.172429677776735790e-01
7.812985085360396598e-01
2.498025019197509522e-01
4.188074940786035150e-01
-1.615553857067852928e-01
3.592194671678176077e-01
5.251302730752563930e-01
3.314756080760954404e-01
4.172877217600831079e-01
3.513678035784151277e-02
-5.757392802894996109e-01
2.744904528562375212e-02
2.327313066748573078e-01
6.827630170610575755e-01
6.227851730624773818e-01
1.125281596418998831e-01
2.299982505242466058e-01
7.731710880453246393e-02
3.846994604007865082e-01
-2.009174698407867332e-02
-2.311329130667001408e-01
5.096046325157841395e-01
8.653228850909340242e-01
-5.961051575200950747e-01
-3.446507612322173841e-01
1.712082816996477463e-01
5.786626893121158410e-01
5.246522328509984900e-01
6.157167717523226447e-02
7.533005320723378251e-01
2.621124070918476878e-01
-6.735699147538380949e-01
-6.974729480742587473e-01
4.775793785739470554e-01
-1.009771974425626162e+00
-1.791053798500512606e-01
3.291152066492375461e-02
4.900005244748071309e-01
5.372921277768820669e-01
-1.826072896935089229e-01
3.969956301566380796e-01
1.066644445963138566e-01
4.079519279784205033e-02
-7.910384913713734978e-01
-1.006165072689170881e+00
-1.884361137868668656e-01
-6.538678083821662934e-01
3.520098833378619840e-01
2.709364020788520566e-01
9.178019206151133424e-03
8.823217466404020826e-03
-3.487828309531186832e-01
-5.858911715989605362e-01
2.651548386939974744e-01
1.136512864593460792e-01
-5.476365575120345497e-02
-1.156335881008397681e+00
9.608561730858422578e-02
-5.128990514330533657e-02
6.125770944398650775e-01
6.784317111794242461e-01
1.177048348522766741e-01
9.736775352745163925e-02
8.943570018001834043e-02
2.224388545278748186e-01
1.471525022668154215e-01
2.240874657995688413e-01
2.289781717211609724e-01
1.797392549031634479e-01
1.979938826658522721e-02
6.643031441439628537e-03
3.368061580213388417e-02
3.501559279010822978e-01
-1.064611783819557900e-03
-1.758138335569352506e-01
-2.545931908795822096e-01
-5.481181626243432081e-01
3.359402182045670981e-01
-2.912080680041801983e-01
-8.699517432826140428e-01
-4.651499889533550203e-02
-2.886396046280013117e-01
3.989064450902206627e-01
1.493110827299619636e-01
1.111514063469090097e-01
5.871200715757052269e-01
3.579137682909627749e-02
3.890091572948102261e-01
3.982442328452835412e-01
-4.128651775894645048e-01
2.164502501054141881e-01
3.885642105388351641e-01
2.012501579590452172e-01
3.075557171235988596e-01
5.209073136269842808e-01
2.933092006162139054e-01
2.119185145690158922e-01
6.807362161750285523e-02
7.269337760617113897e-01
-1.202980857369988499e-01
6.504111914704633346e-01
-4.870914488549509258e-01
2.480322191258703679e-01
4.680061469429267484e-01
-1.004526878036404725e-01
-3.653047107783173875e-01
5.931144237473173764e-02
2.781026363330992845e-01
-6.584893660071999832e-02
2.413032774135777103e-01
-4.005970741097364396e-02
2.437664382825315279e-01
1.920494624461149824e-01
6.962364678656679517e-01
6.905950651921612948e-01
1.657103345449741916e-01
1.048887986349056334e-03
-3.548022781487041311e-01
2.954261272821189221e-01
-2.919779188692530614e-01
3.374206015570520023e-01
3.938007062819018911e-01
-3.930819542712038484e-02
5.991707641621191183e-01
-3.558553009835014880e-01
-1.023786686541814817e+00
-2.312356568229385623e-01
-5.185723676590914266e-02
5.411369968351263937e-01
6.742720349193256357e-01
3.458141544814630208e-01
5.593325878174587595e-01
3.500476161261116825e-01
8.363270696263547244e-01
4.541386922079279076e-01
1.608782859893812534e-01
-1.964836163438875793e+00
3.574441997722858089e-01
3.580964248505271730e-01
3.186722046357184368e-01
-2.729582306274902503e-01
1.654640838950708348e-01
-3.155738519625861382e-01
-2.638009971727139913e-03
-2.862995181097183206e-01
5.937836597946377637e-02
-4.317837330527929396e-01
3.231414090952252627e-01
-9.948737153812743372e-01
-2.621433049687493799e-01
1.921690509157366611e-01
7.892200286628199279e-01
3.794033417121338569e-01
5.046120790273654899e-01
5.333072504894756927e-01
1.604917665667283666e-01
3.802509652480452473e-01
1.334342305915308113e-01
2.293569066587102245e-01
2.141332810853322499e-01
-3.320242495693057627e-01
8.320122386093142808e-02
6.429962413334688875e-02
1.827612965560250213e-01
3.543370344574430231e-01
-3.386102172500289331e-01
-8.355767242222755797e-03
1.018671337255080411e-01
1.786370130637762177e-01
2.391674727497176134e-01
2.108223563304916226e-01
6.847970617586085496e-02
2.910965171376420635e-01
-5.664006828330674370e-01
-3.825011699115055119e-01
5.541913292957816317e-01
6.520915938020741542e-01
2.078910017926927090e-03
-1.123008602290415325e+00
-4.028259959943643054e-01
-3.278551064899470902e-02
4.486364202104524690e-01
-8.390932238905790541e-01
2.767673616582776441e-01
-3.327786075847658509e-01
-1.114519414296797351e-01
4.844564947080242101e-01
2.598589049615677160e-01
1.975823193032748559e-01
-8.855080133231232331e-01
1.710456485856318709e-01
-6.904663749540822515e-01
-2.203981707741440310e-01
7.355933597981088035e-01
3.792086766208493387e-01
2.425680075697115301e-01
-3.279652684502600835e-01
-2.935137088354853319e-01
7.023288834193540664e-01
5.762837704871448530e-01
-2.218779501320731207e-01
6.442766896212788197e-01
-1.883985098040164008e-01
1.195827618437406148e-01
3.892392773673059025e-02
1.512475294110693369e-01
-1.299992019214291084e-02
-7.581350922309906259e-01
3.064229691707973657e-01
1.226602520186467205e-01
5.624836450089685247e-01
3.505472675586711606e-01
1.436310512391553162e-01
-9.784237441671757018e-01
-1.615855456551527070e-01
-4.894034673184715079e-01
2.852888562760317326e-01
5.707071639434467825e-01
3.134669040625838177e-01
-7.528604718813509677e-01
-1.628313434466199805e-01
3.774464259226342211e-01
1.743810045925575647e-01
1.916392660202839160e-01
3.403724407421886422e-01
6.245692393344548510e-01
4.473958642536912667e-01
6.797187745620616450e-01
3.410909422074683839e-01
4.612568807608989907e-01
5.442413507855422550e-01
3.679806836725912911e-01
5.781154487008002274e-01
-1.090400645828895065e-01
-3.989714565747126684e-02
6.652464790524937888e-01
1.960214633427290742e-01
2.100591660149954132e-01
1.301350255921716048e-01
-9.660837516029698868e-01
-8.653539300316204219e-03
3.167860756607524531e-01
-5.789176969488289970e-01
3.474843967452951876e-01
1.901672607076687616e-02
3.377895484943127524e-02
2.059449068612078104e-01
-1.784853215887025613e-01
4.364739326863924518e-01
-3.551277054076518169e-02
-4.971959185847141249e-02
-1.468832994787212520e-01
9.259482990684305692e-01
2.897021920199989165e-01
4.200846574180322479e-01
-6.595666551629593144e-01
2.886379319331975335e-01
3.525626334319846844e-01
-3.720772816828556984e-01
4.057646904578882108e-01
-1.719223490455290548e-01
3.367643760267917674e-01
-1.295267578571821510e+00
-6.965050751999735112e-02
9.954626240352104638e-02
3.237869733897441593e-01
2.374528475228163682e-01
5.335421769313264395e-01
2.512284306376036946e-01
5.214229200378247553e-01
1.913673859335540683e-02
-8.076354663803737566e-01
-2.114675936262977451e-02
3.021025217649285777e-01
4.783744263859561752e-01
1.994636100811226775e-01
5.467011480378786148e-01
4.953369679688770510e-01
4.337896948104545958e-01
-3.171830856284052480e-01
-2.980178863601197214e-01
5.988241614957021675e-01
6.286457630103238214e-01
2.282713094171995305e-01
2.361214986687754092e-01
3.929633597536550393e-01
7.621487676405278577e-01
2.840472350709924987e-01
1.144764294116289438e-01
-5.916492138259994427e-01
-4.110883548721444569e-02
4.909265565890428284e-01
3.296587960968100361e-02
5.836704517528489289e-01
-9.543746422739340929e-02
4.252693085886811719e-01
3.894594743570243267e-01
-1.369171709767881495e+00
2.591382557872530246e-01
2.017784961299424751e-01
1.070250144881890186e-01
-8.534194313632399442e-01
1.912818818579504754e-01
6.631333749033871960e-01
6.168481778041762231e-01
-1.352700579745800269e-01
5.873497239850988816e-01
7.203609129028354374e-02
-7.846075965001708674e-02
5.049432482943669864e-01
-1.147414341316173036e+00
-1.042156924554804576e-02
3.460265248092533330e-01
4.151854681379982814e-01
9.406525114157293643e-03
5.106654461172730475e-01
-1.149465325803983085e+00
4.098805480057469142e-01
3.401217181573463755e-01
-4.967030981773601361e-02
-3.150445976395395142e-01
4.111745337110617182e-01
-5.353974620375567817e-01
2.187413936931013048e-01
9.788144697815992501e-02
6.393255515712070736e-01
3.921903819179188844e-01
4.888028680276055304e-01
3.947623145523563304e-01
-1.590320350066232180e-03
-3.392895910758966238e-01
-7.095031025706632910e-01
9.407537539118404624e-02
-9.284924007004911051e-01
2.165559685294130565e-01
3.954441770550601865e-01
7.634376407174692236e-01
3.801784795898042191e-01
2.961750869077601767e-01
4.095679861000710575e-01
2.261492557330725406e-01
-4.017055755417393570e-01
5.712789317681421508e-02
-1.180665344108733361e-01
2.411598092061719711e-01
-5.980056359385481635e-01
4.198354333472092970e-01
1.641137332757437450e-01
-4.123489598250522636e-01
1.258238056525167181e-01
-2.656296532596553739e-01
2.372388463478258824e-01
2.905910456287352783e-01
2.180632197695220320e-02
3.733993676355304991e-01
4.846020958424558378e-01
7.543998325196863419e-01
3.597169368309840465e-01
4.607795132811930428e-01
5.151416363183252134e-01
2.416448778761658422e-01
4.278234217646497139e-01
-3.337016553979423872e-01
1.828900032305488255e-01
5.186390366849153999e-01
-9.918261769205072298e-02
2.725488516874858824e-01
9.063144650994381379e-02
-3.722270215918086489e-01
-5.807002901222546587e-01
-2.686729294559355719e-01
-5.925695745248660273e-02
1.469558016000578338e-01
3.388756751807565637e-01
-2.181805035653034963e-01
9.209366312062794435e-02
9.469203609792341547e-01
-3.652096253019481154e-01
8.199083327670857457e-01
-3.188050714069639024e-01
6.234498623884725532e-01
1.061301512701074978e-01
-5.249635606479965411e-01
3.708180787879135076e-01
6.806860621050575544e-01
1.311533094301957636e-01
7.568406654742443340e-01
2.333872522713327236e-01
5.992574309123863685e-01
1.699894206969951860e-01
7.651075210417513928e-01
3.917805007582169097e-01
6.031505843468971673e-01
-9.063661314838089567e-02
-1.010942766664850723e-01
-1.249552920482011054e-01
-4.240881740652819865e-01
2.282421844290158930e-01
-1.350567241602567137e-01
6.827396894912818315e-02
-7.892652244851483534e-01
1.149690347868570495e-01
4.539236709481662135e-01
2.784245252434653928e-01
2.198643728743467918e-01
-1.606712447371929642e-01
6.640751446923904844e-01
8.095455123032622158e-01
1.624585843414578790e-01
-6.110714397259764397e-01
4.101462687586314715e-01
-4.352002065138815823e-01
-1.741397221888423275e+00
8.595581257763522665e-01
4.866150856432686078e-01
1.943799436601090225e-01
1.805311639625758469e-01
-5.979801728038869335e-01
9.681118658491303375e-01
2.321477974147261314e-01
-6.143397957037919355e-01
3.091009440100315198e-01
2.622298695012070802e-01
-2.708331229227687320e-01
-1.945311890303558222e-01
-4.201234169280672059e-01
3.385139794387548307e-02
7.414222926204596664e-01
7.643965478700325278e-01
1.518124700527858639e-01
-9.543692506677188270e-01
-1.109317111360157426e+00
2.884213065863416858e-02
-9.473148146739740483e-02
8.200717178079843794e-01
1.153190595207997937e-01
1.600234148908324938e-01
-2.797763429416719738e-01
-2.779946996905247047e-02
2.572520536582293404e-01
1.506748410735784249e-01
-4.135879040202858903e-01
-1.008952358885315093e+00
-1.933445013612704599e-01
7.995799141526394038e-01
-2.567069631994867152e-02
4.497621084942602376e-01
5.144406887731483025e-01
-7.953545904136263278e-01
3.713514702675161372e-01
5.068994625355597305e-01
-6.266344438992743626e-01
4.919544698919366965e-01
5.763166345762582576e-01
-8.000165471404314665e-01
7.871041037315315014e-01
2.773993913557550872e-01
2.569929393816703378e-01
5.231170044093489402e-01
6.998453498167485076e-01
2.951265424895335165e-01
1.739416835617113577e-01
-1.445984443708396849e-01
8.047811366000523492e-02
-4.384799762512081589e-01
-2.629960697553483939e-01
-3.038003989744160194e-01
-2.641710511094739200e-01
-4.152090095162870309e-01
2.959600559242412388e-01
1.215113335886295332e-01
7.390025837301081868e-01
1.657521869324338759e-01
-2.612215879283152908e-01
3.478890654217898781e-01
-1.196992292576526395e+00
-1.388813036914626764e-03
4.468014901849877152e-01
4.017695249854703610e-01
-3.284428625088557929e-01
-4.741325070589863522e-02
3.528904848908580583e-01
2.057095611557389070e-01
8.663075613273114595e-01
3.189680711141906766e-01
1.909961499287751163e-01
-1.789890239607849765e-03
6.871949454981898242e-01
-2.551758041990273007e-01
9.376607899548500269e-01
1.002494170104608617e-01
2.653930697909822056e-01
-1.907077580752947199e-02
-7.842358273248961620e-01
-3.935284177890161494e-01
2.620099214411781841e-01
5.666044034785167050e-02
-8.783498267124416614e-01
-3.163901576926126946e-01
5.371171922148387790e-02
9.023088751874297486e-02
-4.148269352017264211e-02
6.648034237180558970e-01
-1.084017762649898131e+00
3.231260138752142241e-01
4.589410352940532789e-01
2.159745850134628942e-01
1.885555890686010372e-01
2.233489600827531785e-01
-4.757850581757041564e-01
6.074112744980861844e-01
3.983160131079581667e-01
-7.969326740306010848e-01
8.290987363329846982e-01
1.260596784099272671e-01
-2.686318513218757253e-01
2.529401979993397553e-01
-8.152970389583682476e-01
3.635674162096583784e-01
1.393157815054639759e-01
1.634425981163263319e-01
1.313710634735576477e-02
2.110098605388803783e-01
-4.410690942327533115e-01
-2.967581766010862765e-03
3.024412152546389621e-01
-4.956190662812047787e-01
7.485889969303394231e-02
-3.961245237707295974e-01
3.925496712805276456e-02
-8.973268681667856406e-01
-1.899511470513459699e-01
-2.030598765446605114e-01
3.126929201344671450e-01
8.515835125380233350e-02
3.640394355731755294e-01
-3.490477051947011855e-01
3.394553400264561649e-01
4.772770246392965543e-01
4.789462202509452426e-01
2.929045261799823052e-03
2.816306392274808834e-01
1.432272586468644748e-01
5.012910758757738172e-01
6.080958232234380256e-01
3.163896947701609896e-01
-7.881291520011692864e-01
2.219637074461902060e-01
-1.647721100591217347e-01
-3.440439415916083377e-01
2.745396060327596199e-01
3.286898904770634289e-01
3.567947657383981896e-01
2.510522130697177001e-01
3.547823458588269530e-01
5.590468650116883209e-01
6.326044593191417764e-01
8.232359656170129547e-02
1.850555662412364244e-01
9.440855391462599222e-02
6.749701108700172369e-01
1.968435004869417693e-01
-3.904684545860326317e-01
-9.238407528288705706e-02
7.759366176221169642e-01
1.181412034787749921e-01
3.395026587157192743e-01
-4.300613889110342924e-01
6.076759241803511014e-01
4.192597796135593136e-01
-6.981504276023460243e-01
-1.312880839357985607e+00
1.459403843395795652e-01
-5.912409865168097856e-01
4.639796728107475898e-01
2.581331443262906422e-01
3.870954223099799529e-01
9.028418032986037511e-01
-3.539683065822312180e-01
-2.538034783764513413e-01
4.000239973766364088e-01
2.766881630099258249e-01
1.611163423785575421e-01
1.094877827396811831e-02
-8.131145791469824857e-01
3.926830391387183816e-01
1.465737662236538119e-01
2.707836177328973859e-01
3.341929834198082983e-01
2.563696759692521976e-01
-1.186697360629352271e+00
4.348750420482512258e-01
4.545532742412228266e-02
-2.105783228546669328e-01
-2.298027570903975469e-01
1.635266728323989671e-01
-1.460310481643523062e-03
-3.691343015358561352e-01
2.095643184676050375e-01
-3.732253153954143698e-01
1.443967690096190637e-01
2.851916421105997745e-01
3.373726082154501205e-01
4.613564902020185210e-01
-4.294489382056787541e-02
4.259111212273474223e-01
4.343318956244179851e-02
4.300874884809098297e-01
3.291491556375556460e-01
7.230863445579305271e-02
4.346443534904462780e-01
4.275096696288159803e-01
-2.524373351572175572e-01
1.354388316140291426e-01
2.843117634167934282e-01
1.542123894993919775e-01
2.353986998740975611e-01
-2.893902160126393674e-02
4.944068658743526745e-01
1.064049443426597907e-01
2.536170256010896740e-01
2.817796610933438473e-01
2.037750387733712198e-01
3.318508636575432380e-01
2.085035672955446451e-01
5.828199716459186996e-01
4.717471924943883455e-01
-5.303938984295752945e-01
4.868688134672972678e-01
2.460702862163219873e-01
-5.131670781827508687e-01
6.633809702972475186e-01
-3.933403285808756422e-01
4.750130109905661424e-01
-2.080535029989478701e-01
3.889322797595675674e-01
-3.850477874416771140e-01
2.207079820728948816e-01
3.443539009587075483e-01
5.987015020651830222e-01
-4.580947877060890239e-01
6.001654430490037662e-01
-1.690188943015373813e-01
3.939301426985029053e-01
3.660144211184424012e-01
-1.187193601302758861e+00
-6.025928870648225022e-01
2.533657759001730625e-01
7.060437142150277623e-02
3.136551341809751259e-01
-6.843590449536487430e-01
4.381737162472906233e-01
-1.314038310515355246e-01
3.358103316771909874e-01
3.742326609373124446e-01
5.772580600880494739e-01
-8.815969380033861214e-02
1.161522346185490662e-01
-6.775965060158117836e-02
3.345976983277862971e-01
2.567780694426446964e-02
5.179368653029647884e-02
8.056788197733556478e-01
3.529890027661710672e-01
2.139421678816481043e-01
-3.027697089577516820e-01
2.189940621675121601e-01
-1.763977289159179840e-01
-2.130149800687259898e-01
-2.251672023858608540e-01
-4.706051184655879460e-02
-1.116695355315807880e+00
4.996014146277606427e-01
9.167631012605426122e-04
2.556828117888738650e-01
9.417140376437305171e-02
3.734612200910281121e-01
3.806240044912128084e-01
4.174026149341084624e-01
1.976524442541648385e-01
-3.502918273149617789e-01
1.642008618115635699e-01
-5.275839075492763097e-01
-3.592024705929741657e-02
2.839187907397602295e-01
5.157127255340434591e-01
3.128283820707339347e-01
4.830458925836913497e-01
5.444193298002574233e-01
2.691711384964518006e-01
-3.968286717753257697e-01
2.629314258006540950e-01
1.969865315010443929e-01
-2.449963761467910395e-01
-1.836572559994591458e-01
8.927921704114736290e-01
-6.564790668051971867e-01
-4.777039749468325880e-01
-1.823124865173995079e-01
1.175151880178669783e-01
-8.182821712630579114e-01
-8.647008618704998817e-02
-9.306588474875487904e-02
4.782157447208211787e-01
5.586970642068429527e-01
5.057770812818774830e-01
-3.429443013410109486e-01
-3.315601411471780224e-02
-7.476798242195612509e-01
3.196828287677306868e-01
3.468558847376400633e-01
1.377322716449810303e-01
-3.578133324600993870e-01
2.604124021688698498e-01
4.154496357082910762e-01
7.107271392374926444e-01
-2.921242121246891976e-01
4.193303480298941066e-01
-2.608892649285721177e-01
6.301079932383533144e-01
-1.871683285426786192e-01
4.830202065426203450e-01
7.156593642799480293e-01
5.481579357248990148e-01
1.581033589473808121e-01
-3.547525397762636423e-01
2.333898115449355437e-01
3.477862363391877043e-01
3.667066022884406529e-01
-8.254431652157658839e-01
-6.047564054850524951e-01
3.726586326979066666e-01
3.887758937614917976e-01
3.824172934688828684e-01
2.296711453619919574e-01
-4.588139041524903483e-01
1.534148573297378082e-01
3.586509128094774734e-01
7.805634389296035591e-01
7.175812806446979497e-01
-4.792262833856852922e-01
1.816080477719335118e-01
6.897931997622883671e-01
2.132913426139577684e-01
3.403236554115562917e-03
5.076677594513531178e-01
-2.688833980910911858e-01
2.779971226163678866e-01
1.237653188823055750e-01
3.493401442791889133e-01
4.248092320886861506e-01
6.295240635037866461e-01
4.871440727094842327e-01
6.924333156170997539e-01
2.380616625259286412e-01
5.390187870669154169e-01
4.686208169140572144e-01
2.558189888158908243e-01
-8.942288087235819027e-01
8.081944945473990005e-01
6.671303431039643517e-01
-2.094244720397023585e+00
4.045574626810646279e-01
-7.998522827051663953e-01
1.302064443664859850e-01
2.503935760083850770e-01
-2.918099343573921090e-01
9.800568303932033487e-02
-1.228394524375250541e+00
-2.810893976822643747e-01
-6.324746775943363986e-01
5.998980241866160856e-01
-4.642252595199249932e-01
1.120548706906147052e-01
-4.805832437485029196e-01
-1.137241318589507166e+00
-5.923840519426346596e-01
2.473606260722507333e-01
3.054008777282671838e-01
5.325619865953337140e-01
-4.496484073979711837e-02
4.584406585334871442e-01
-2.991947246893371659e-01
-7.421413894684965040e-01
-1.737922887047878007e-01
8.423004464193842855e-01
1.111698749135059394e-02
-5.506431569140479709e-02
8.375906861357086397e-01
-9.493164889508594051e-01
8.771546120113504763e-02
-5.673168686442779940e-01
-3.194612159123777495e-02
-1.047299634489203157e+00
4.224726072764470874e-01
4.681835636376706633e-01
-4.293539762455882425e-01
2.428399371648839455e-01
2.677041753585227557e-01
4.443871770087932660e-01
1.941106977544521106e-01
-9.530681519333539242e-02
-4.931511082841701921e-01
4.478265111717963931e-01
3.370395544825928180e-01
5.744543089824816207e-02
1.232002973644080734e-01
6.748122451621041407e-02
3.473586150364864622e-01
2.839787241965299192e-01
-1.592580294974415001e-01
7.117956611238285269e-01
1.919964982213142601e-01
3.086407997443320061e-01
-1.938115765759538256e-01
-1.049251948676556800e+00
1.575876673563422203e-01
-1.375629816535806071e-01
-2.492994590049701920e-02
2.718296981160280845e-01
2.323044111091249198e-01
3.123116558147842614e-01
2.902706801334264952e-01
-5.909521189094282256e-01
6.468402887584874250e-01
1.599094052564116186e-01
5.281012569980717553e-01
-4.195281452564691982e-02
3.703531943769833301e-02
-3.920840608740494559e-02
3.865650404532656736e-01
2.485144234588985146e-01
2.070626326170578180e-01
1.833827137493531101e-01
3.797910097159635789e-01
5.044930415264723411e-01
2.483039400259181573e-01
4.523856715006274731e-01
-5.817779963950062694e-01
6.497590384425633303e-02
-2.725720960659372416e-02
7.531718700069603978e-01
-1.884600791406860765e-01
2.046550648485129242e-01
7.622806141942954916e-01
-2.861609448837743042e-01
2.578415763589030352e-01
5.355351195170920953e-02
-8.808484669561078562e-02
4.760961117636586248e-01
-2.305392691099583669e-01
5.215437324483505055e-01
2.858855892481798611e-01
1.516109221146039188e-01
2.727117201984127215e-01
1.002498518522836335e-01
2.575049001260856230e-01
1.648050139934105207e-01
-9.041559872128912545e-02
8.069383903522542312e-02
1.974628679274453846e-01
3.651056379956529874e-01
2.707366823597177063e-01
6.692809940179345052e-01
2.544318426592355742e-01
-7.557636421202880150e-01
-2.522125310072542703e-02
2.111511788797908462e-01
-5.221735166995511435e-01
6.436242050832505779e-01
-8.890902869540617814e-01
1.776562994034162069e-01
-1.514512495206050691e-01
1.907521690870070952e-01
5.347366343223389773e-01
6.432199163319141100e-01
-2.746259220942555146e-01
6.055266227356786990e-01
3.466093688358320435e-01
-5.487690249117582741e-01
2.551265349235901647e-01
3.146656879536725571e-01
6.818503839635697839e-01
-3.178916036100256637e-01
4.094039983805893845e-01
-1.228280378383466154e-01
4.748625803689795477e-01
5.418873484246413685e-01
-5.030300518091124218e-01
5.832481627373922173e-01
8.150290033254479205e-01
-7.693444152019779381e-02
2.430468566104817540e-01
-4.616845019859923127e-01
3.035858160594587796e-01
4.237004003551174680e-01
4.788083573195673903e-01
6.234692923831564038e-02
-2.091081459424446898e+00
3.182336096312647911e-01
4.560523517289305495e-02
6.293141892946868543e-01
5.324914387805094185e-01
-4.797443302910013863e-01
6.960729734358428455e-01
4.742852751930470845e-02
4.053192543190341501e-01
-4.552912145926260035e-01
1.060668647701829004e-01
7.607043719334751763e-01
-3.904951258539217651e-01
3.773270882069572618e-01
-6.885659504775087925e-01
-1.432007661466661030e-01
5.973521576028013591e-01
3.186514182177929699e-01
-4.447909353874823779e-02
1.339632923716442825e-01
2.029259140401349359e-01
-6.749181848033423137e-01
-1.542736222822829184e-01
-1.222030225720653895e-01
4.768452321715663800e-01
-3.070881617387377638e-01
-5.410907704162140064e-01
4.824989857453886311e-01
3.419488601806499606e-01
1.443244882781269389e-02
5.945548501074662262e-01
6.280144198830976965e-01
-2.170528271982248292e-01
4.072565688610974011e-01
3.865969541192113557e-01
5.056439982998994775e-01
7.193739454952785550e-02
5.836007151637017110e-01
4.733313832741794513e-01
9.055902486201539148e-02
2.839226895215540836e-01
1.487037142591645100e-01
3.583524544603631234e-01
-3.269157487936367179e-01
4.277780014956004129e-01
-6.250874260880134869e-02
7.802339396229970303e-01
6.057812147388572654e-01
3.145253326945920413e-01
8.648360466511648692e-01
-1.503394269816360485e-01
1.764231965203866270e-02
4.028636944892763916e-01
6.563028238518293644e-01
8.014585743614253133e-01
-9.446320419551423875e-02
-8.375899376390756323e-01
6.287113953612709638e-01
-1.638513806893193703e-02
4.611555158044745584e-01
1.136014929974477061e-01
-4.325570286701101441e-01
-3.311679379164922388e-01
5.126612794500826631e-01
-3.089887330069607252e-02
2.334272976850575443e-01
2.076028502302281753e-01
3.116116474439256656e-02
-5.900818461577541640e-01
1.615033286434026660e-01
-8.080436071884382621e-01
2.841450420098801111e-01
5.585012789850671844e-01
5.091035088792272845e-04
2.845545266336341195e-01
6.505573240966980864e-01
2.010506409918755288e-01
2.506822227041661799e-01
-2.405406229249318351e-01
3.923772546753264701e-01
2.861232172108780780e-01
3.001316744655946334e-01
-8.227486326707786901e-01
7.759261562764040443e-01
3.180732629026306046e-01
-1.101261879149637579e-01
6.758450003403919659e-01
3.953564719841399233e-01
1.822789869019458830e-01
6.827828908564292920e-01
-5.716898923033886248e-01
-3.085268284751443435e-01
6.439656769661072921e-02
2.484699558100098571e-01
5.278502241824311048e-01
1.920033473846762817e-01
-6.023473418816482905e-03
-5.482343387865209472e-01
3.127521949819750402e-01
2.199786001025687554e-01
2.158337853350063007e-01
-2.604595845026769219e-01
-1.446595584317691419e-01
3.941564052365897908e-01
-1.181830316159784289e-01
4.586931945766683505e-01
-1.004672080699663628e+00
6.714590108998925722e-01
5.927569117935231890e-01
3.479975368623615672e-01
4.664177160785991649e-01
1.955925397402269450e-01
2.008136193147900261e-01
4.741353186139938281e-01
-2.182747623495726597e-01
8.740363958443941872e-02
9.344907061183960195e-02
2.724874476336911489e-01
2.081827431386147342e-01
-6.433540862285513917e-01
-6.958451433861689850e-02
2.376930924230193920e-01
4.645807853946996024e-01
5.337993307066197790e-01
4.324601642412519986e-01
1.705898510775027965e-01
4.144438229651263850e-01
-3.229037905867193636e-02
-1.367960557459313442e-01
4.119013220719058843e-02
4.395437038738071456e-01
2.802334842763712919e-01
4.065720933425236439e-01
-5.133869805521780183e-01
1.536820089490382735e-01
5.980290730602307869e-01
3.712177815670371084e-01
4.369289957002870928e-01
2.068536964171252546e-01
5.095070645971756518e-01
6.489138021125939737e-02
6.923734772068368404e-02
-1.419851089805177491e-01
8.921295934426756169e-01
4.235682430176354041e-01
-3.226310143161752464e-01
1.191190341105284878e-01
3.092299173006404223e-01
-5.452174168839332147e-01
6.444083259946702391e-01
5.696328838619926227e-01
2.292713495481990549e-04
2.575791716775902573e-01
-7.437514377587635117e-01
2.840192661785352346e-01
3.401530695705481389e-01
3.071948750820088225e-01
3.008084590206849818e-02
1.434426431803390578e-01
2.629716749076171922e-01
1.198981676705318522e-01
-3.729869381830961395e-01
3.987133669134007574e-01
7.131286896929018848e-01
-1.337859177764921803e-01
-5.889332133153590831e-01
7.128772339792440738e-01
4.917280100971284096e-01
3.363623644264870372e-01
-2.908721215575513774e-01
2.355493377237123376e-01
7.083281107926322484e-01
2.417060695962145456e-01
2.813564852995569243e-01
-3.034378071879031413e-01
1.330429268444111024e-01
-4.438158007649191106e-01
-1.510528815394072133e-01
5.036450278482510479e-01
-1.648647677312486959e-01
3.040424965239615362e-01
4.411519028871045967e-01
3.123037523975847884e-01
4.920673548827766419e-01
1.914465271978356142e-01
2.549961896887399382e-01
5.837641894971815626e-01
1.339313655558087568e-01
-1.033973881058090072e+00
5.596700882047280778e-01
1.298526722302331127e-01
-1.971918766166962378e-01
5.114744133843399654e-01
2.247133037582591530e-01
-5.285981330213851415e-02
2.965071243004394619e-01
-9.630798449167905506e-01
4.798396571826948342e-01
4.732837698082872357e-01
4.001987596267710945e-01
2.324089834916281960e-01
2.380374839063671422e-01
-2.635279203305394002e-01
-6.475058160301065957e-01
-6.318916280900435112e-01
-6.430920231140684340e-01
2.186710502462025918e-01
5.529374653833473152e-01
7.009382697669386264e-01
-7.117802125268313240e-02
3.063217118672625361e-01
-9.048910975726309758e-02
-1.767338537254962816e+00
3.452628248771837383e-01
1.923291832441125226e-01
-3.114573377243026187e-01
1.748081937478773717e-02
-6.267266711692287551e-02
5.849055471743507262e-01
-2.797488320953127605e-01
5.023986358390447604e-01
-2.997182880217184042e-01
7.604793454161384858e-02
3.065830335881583046e-01
2.893480274054361923e-01
3.092954455926619772e-01
4.156813767481262190e-01
2.945496814873398428e-01
-8.058596531319395240e-02
3.944727430251678824e-01
2.954780421935347956e-01
-4.123157960998471427e-01
-2.312243644745137772e-03
6.082741549927397351e-01
1.362233221832098717e-02
7.514235959273138921e-01
7.030838651090021152e-01
-5.953459878184164111e-02
3.420768186232189256e-01
5.728839811925312553e-02
5.586603957705549295e-01
1.335502471337646213e-01
3.362344977675628677e-01
3.633275058484392028e-01
5.509294022887251119e-01
-6.569158234492267212e-02
-1.158116413115584997e+00
-8.249131715336450732e-01
9.131817061556468662e-02
4.942095585889979548e-01
8.987408070141222893e-02
-4.796158682896596304e-01
6.940795211495216499e-01
-4.928382407405682564e-01
-8.832169962962894694e-01
5.627903606517592472e-01
4.304240925790443484e-01
6.274431713434551749e-01
-1.541139691034387749e-01
7.413011844781269843e-04
-4.966510678467588313e-01
2.119853666755446842e-01
1.149692304501319651e-01
5.821891876169507096e-01
5.619982745811729075e-01
4.746653355162255838e-01
5.868778359117385879e-01
-5.069702801673570125e-01
1.257629046746225887e-01
4.398591000078616586e-01
-3.383713493567457320e-01
-2.860409525740026382e-02
1.081087254896947458e-01
3.243574113132183800e-01
1.772832820684837607e-01
-1.164756736711947127e-02
4.809213943775281219e-02
8.323720358530806163e-01
4.012670234942206093e-02
4.026025457000425023e-01
-6.655905613189694314e-02
1.149426958238175533e-01
3.354911216931446560e-01
4.002924041601664262e-01
4.234313813585658393e-01
3.832449976579292983e-01
2.582914430461801247e-01
4.849633264655829334e-01
-1.065889814370602373e+00
3.919741153421072433e-01
-3.087830713775483460e-01
-7.698930586694685552e-02
2.683476778101336890e-01
1.074607897416717250e-01
1.854645793108250507e-01
-1.677335300153659503e-01
-8.224093885619554456e-02
3.540359733351111649e-01
4.335714126529232049e-01
3.820968633130998882e-01
-2.143914425439219507e-02
6.582319932718648792e-01
2.061541708963163799e-01
7.863816115037214338e-02
6.007057583562915859e-01
-1.066709321221304130e-01
-4.078120033483840778e-01
-7.301848621368756120e-02
-2.568152255370610426e-01
4.498351235089905753e-01
3.629595975840826938e-02
-7.887571048284858222e-03
1.778198856226138602e-01
7.147973965412157682e-01
6.131436856090812793e-01
-1.962262833183241018e+00
2.550814204630835746e-01
2.184810479295391517e-01
1.357767316569407079e-01
-5.983810414386114829e-01
-4.606454491938256623e-01
1.362152535496323758e-01
6.495126196667013740e-01
-2.337250179985739251e-02
2.123868328570901465e-01
4.812388110702314759e-02
7.851293175674323166e-02
4.981557704855313906e-01
-3.382752528564676453e-01
3.544952049752648771e-01
-9.751269373281137298e-01
-1.505423439196262869e-02
4.013802560276140685e-01
-1.263607795436656467e-01
3.375459576592024780e-01
2.212215330199436281e-01
-6.086832186323758442e-01
3.933478810260574443e-01
2.047849170028553933e-01
-2.491337936331166070e-01
5.754964515604316100e-01
2.683310799645908240e-01
4.603671562924102068e-01
-2.740206594676402041e-01
-1.962070700746705310e-01
6.831784547802626228e-01
3.331979879908641973e-02
1.798486695261081181e-01
-7.096797670145771342e-01
3.637103165252053572e-01
1.134760023672243268e-01
4.782201983975153947e-01
7.569076977505363457e-01
1.952803813445285197e-01
1.334919523336699498e-01
5.433203237423445131e-01
2.194317154313725204e-01
3.319065404019418963e-01
3.188376190953494671e-01
2.788070496580936641e-01
4.182431437958062936e-01
4.018820755048190252e-01
5.242737775992230009e-01
-1.258446828509065529e-01
3.993313459438989632e-01
7.649440648272307630e-01
5.737877564642629435e-01
-1.256775389567915013e+00
3.077325378131837708e-01
3.859634791682180488e-01
3.617774903136456999e-01
2.859591132864506280e-01
6.279192970838464172e-01
4.892490970782407134e-01
-1.694240349116125088e-01
3.232593853065035550e-01
4.829282457311544485e-01
-2.543291870232173846e-01
-6.646541241804562183e-01
-1.829039424790299684e-01
-7.073550788870526240e-01
5.715939566931778071e-01
1.313345730544397405e-01
5.741328412236421652e-01
3.686022137128180942e-01
-5.520384309527832656e-01
1.985056523512496174e-01
4.714639438550958239e-01
3.169734200065332796e-01
1.663291807344843276e-01
1.145777379937784612e-02
8.695106672020722627e-01
1.053338859851741249e-01
-9.245861488395457073e-03
-4.090700994894127529e-01
6.419653467019965642e-01
1.607185500212432450e-01
4.473305530006179698e-01
6.055798629030301194e-01
-2.927724799720219373e-01
-6.948036437001103849e-01
6.844774075059791851e-01
4.473182308971815901e-01
-5.766212582656966568e-01
3.884012126936707832e-01
9.550755648052933200e-02
-1.927066621751816200e-01
-5.447101213672889131e-02
2.676503342972950117e-01
6.343327742876783137e-01
-3.190431988517543616e-01
-6.482268409941731591e-01
-3.005229175937593755e-01
2.789305922054851061e-01
-6.283276576995477924e-02
1.830955977560703163e-01
-6.969139509735347016e-01
6.330080996924525305e-02
-2.711769154052223740e-02
1.018601503209026760e-02
5.092883283889474422e-01
2.256337798750009949e-01
3.083774565357048081e-01
-7.457653673166730890e-01
5.030421680751637759e-01
-8.741556270142925023e-02
-6.737514562497528559e-01
4.898600174441719579e-01
-5.259591826849501217e-01
-1.684679758326947940e-01
3.588004679792330398e-01
7.470601293501358819e-01
3.662556358973468873e-01
7.393064574288938928e-01
2.510767119775554335e-01
3.506700448418302862e-01
2.328725938718247956e-01
3.190038514148766380e-01
2.464938633730241468e-01
-2.404136015845088625e-01
-1.079753607910123314e+00
-2.249337900238357335e-01
7.123393674820192034e-01
5.542891245309783388e-01
2.979048824620800229e-01
8.639507856840119571e-01
7.119420494066794891e-01
1.957513815348916886e-01
2.538710796934884328e-02
3.258465759972081210e-01
1.771362377418249645e-01
3.241210302727162151e-01
7.250186122182638027e-01
8.508900132333241384e-02
7.442439560772045049e-01
3.675486361103043054e-01
1.494501444929436929e-01
2.111056307745515781e-01
3.434246383906862654e-01
5.486310376535737943e-01
2.565550604464564843e-01
-9.831027252106245840e-01
7.786082717318747459e-01
-2.041428749205265181e+00
-3.201528582884303198e-01
-5.034479649771688159e-01
2.801889643412274200e-01
4.362672787049245438e-01
6.780001906829165037e-01
7.310669425665778931e-01
-1.973612812959538498e+00
-6.705650710561683603e-01
2.541030274260421828e-01
2.076750466330183897e-01
-4.826404382104949597e-01
-7.789960193387934773e-02
-2.381380634173890787e-01
-8.996546032880559096e-02
-8.390157954750931957e-02
3.548942326569621830e-01
1.120502607769793268e-01
1.642558166527940955e-01
3.573913106794346373e-01
3.501214982004275944e-01
-5.139869310741107533e-01
1.554028273929972670e-01
1.873957769510303795e-01
-7.303947762416744816e-01
2.817562381855505116e-01
4.930149892948745283e-01
4.633920534079531972e-01
4.443384724307219980e-01
-1.218450464921669862e-01
3.037168992082101004e-01
2.670181313948059021e-01
-2.110759647304842890e-01
4.952827457392130484e-01
-8.729614360232318404e-02
-5.509917734632499009e-01
1.933589104991815244e-01
-9.495028877733164840e-01
2.095796982179281009e-01
5.036804037024554814e-01
3.928110875907002697e-01
2.267633488182425605e-01
2.013184672482143389e-01
4.106816714436001270e-01
9.637112379672241325e-03
2.421711683144605054e-01
-6.974298310119810829e-01
5.228721305945488451e-01
7.523381983629362502e-01
-9.245562707365095889e-02
3.030122913947963514e-01
4.089493336484690822e-01
2.083049451006415698e-01
1.538097812719485535e-01
8.062809767234629943e-01
-5.397607338650511899e-02
6.258926805125997195e-02
6.597454912001824434e-01
1.260745284881396033e-01
2.559282079562683609e-01
4.374430970824448872e-01
8.385748974736562111e-02
-9.753887035417840856e-02
3.976390532036955250e-01
4.299668576829497324e-01
1.408694141129100963e-01
4.066943455618148295e-01
2.541159543900037843e-01
-3.354762501398480534e-01
3.834232265669652584e-01
7.034806835707485551e-02
1.655791550626397601e-01
6.979306598496255454e-01
-2.582103101169901382e-01
3.169124562168690318e-01
-1.889167195726993320e+00
-5.759932942741736728e-01
7.561607329616913953e-01
-2.534242630206153812e-01
-1.563688371948668276e-02
2.639530712391278122e-01
1.743658750641716715e-01
4.839120928337115046e-02
1.687953821878499516e-01
6.285413876751255735e-02
2.472752028152860326e-01
-3.703157392605351816e-01
-1.245865085551263185e+00
4.209786235147201516e-01
4.728094959479551829e-01
2.727599368015254377e-01
-2.371840149585140445e-01
-5.769921705928640066e-01
6.528586249656556095e-01
1.939390041860211689e-02
4.216617521683745373e-01
5.896596748514792985e-02
-6.840117689730051964e-01
-7.655571640066827221e-02
-4.006882404502731809e-02
-6.354265683254243235e-01
7.086258357661288088e-01
8.966826568868113689e-02
3.073069386407554227e-01
-2.153087142761891393e-01
7.079561996778627186e-01
5.919097989691841644e-01
7.736979328714413962e-01
1.656087215957825487e-01
4.937807054472445056e-01
5.311218781762905294e-02
4.646968747387273391e-01
3.743601172042159142e-01
3.509955836360174608e-01
3.048845969911218035e-01
7.157164393082042775e-01
3.457117781295264702e-01
-2.097988061322331177e-03
4.247385141222490557e-01
-1.017767968851176708e+00
-5.672256427434505532e-01
2.821036821094762281e-01
3.261900754909021760e-01
3.359132917715108579e-01
-1.393518518235707937e-01
-6.270077285508659504e-01
-6.281802021627473920e-01
2.250041610160424810e-01
6.195742178209204809e-01
-3.847069158086502405e-01
5.887292292187273901e-02
5.083102411514173191e-02
-9.706064756366878932e-01
3.432039820491639137e-01
4.234040183230309840e-01
3.803764511669381898e-01
3.396940962492978056e-02
-1.828557595399863622e+00
-3.741755641617656725e-01
5.013533338988014343e-01
-6.335183976444951348e-01
1.941888737238750551e-02
3.422287054843025089e-01
-2.891319971969810165e-01
1.396997481519499651e-01
-3.316807596406039504e-01
2.153662725472924588e-01
3.344288392048727632e-01
5.127200338354305220e-01
6.633331491540467306e-01
4.191218128425799883e-02
3.843647337879252390e-02
5.441710567241013763e-01
7.856180194301084496e-01
4.445245438314627817e-01
6.617246040818455244e-01
4.169088389936571604e-01
3.558429150552160358e-01
-1.428724859674623815e-01
3.367809988437543423e-01
4.748882486674106396e-01
-2.615971856543066743e-01
6.305974154295614920e-01
4.574635712215850969e-01
-8.668279553746254251e-01
-2.934347356207216428e-01
1.012985491654752046e-01
4.069847861880582229e-03
2.543509842780451446e-01
-9.120837068347200649e-01
8.665740812530420278e-01
1.264945051490560246e-01
8.027516676480856983e-01
1.609825895256906669e-01
1.449833769347264045e-02
1.842476334785894121e-01
7.024658121377236331e-02
-6.755676056155377474e-01
2.416631931220045715e-01
1.203283953914648929e-01
-9.164553010055920268e-01
-4.457508071823190754e-01
-2.558363052815721961e-01
-1.327352534709860254e-01
6.059399591602899759e-01
-2.514931678090113198e-01
3.191341974043633289e-01
3.843704424889815563e-01
2.291949303594733589e-01
6.691973879518562374e-01
-5.534130767576688203e-01
1.709240796327747836e-01
3.226062261357878214e-01
5.526012649919458397e-01
4.320226966115916500e-01
3.298797842877440045e-01
1.705501255722614573e-01
-1.102230722504466076e+00
-3.397027723549648215e-01
-2.151268770330663216e-01
6.178376608523883373e-01
4.049123916270590540e-01
-1.826339318465226569e-01
9.049729287975745162e-01
8.495525217690900188e-01
2.443727996812803394e-01
3.422621764026301250e-02
6.273143517199035735e-01
1.503616701610621664e-01
3.640238545760081657e-01
-6.163831419593521765e-01
3.305095083632142439e-01
2.386742915575712498e-01
3.318026188538278909e-01
-2.691835377071651880e-01
7.664351980285672994e-01
4.791582969720988849e-01
-1.411414875173302441e-01
-5.990134109953033636e-01
4.176273854135159613e-01
5.999868773746346307e-01
-1.875079415708591490e-01
-6.385295446091232563e-02
-6.445202163376984039e-02
-7.367488665511823243e-02
1.175437368329965704e-01
3.276997847334770508e-01
4.291879585164142252e-01
-5.885869091918403129e-01
3.638870672507785731e-01
1.101340444744880465e-02
-2.017435422746582940e-01
1.270731229660141404e-01
1.655475872093963297e-01
6.940753339085415918e-01
4.579432925918861530e-01
-6.089344748305931532e-01
6.192919769281338693e-01
-2.933193470152861693e-02
7.475949118504809920e-01
4.873777320741360386e-01
-5.285128464760717737e-01
6.465227164413045458e-02
6.377937438550996818e-01
1.491208912826865740e-01
1.378698827910893598e-01
4.229982660227460389e-01
1.909462703348241419e-03
4.790380167903218744e-02
-5.410310389137298337e-01
-3.857240389574834172e-01
-2.078546679883439552e-01
6.708363610269517663e-01
-4.244933229596647983e-01
7.723822147906163060e-01
-1.075992960185350178e-01
3.234039857659023465e-01
-7.076477781933365740e-02
-7.254629610038572096e-01
4.180969229110995666e-01
4.763880678017387016e-01
2.884452247426076976e-01
1.243726583306992151e-02
3.621560309068083683e-02
5.174621496998802472e-01
1.450438024369060663e-01
1.121031182696448081e-01
3.558315318385949499e-01
4.120997459377950811e-01
-4.825123043014134527e-01
6.785780264563794351e-01
-2.589329623958969151e-02
4.815038044172705867e-01
-6.604905494587232084e-02
-4.620037428907650678e-01
-2.727491748370343139e-01
-6.746761753037890941e-01
-7.135393213248431010e-02
1.945334047490360208e-01
4.179835790349950564e-01
4.048344510344181746e-02
-8.023380040038130545e-02
6.980305817944731928e-03
3.312444859644734230e-01
-6.348096578387973921e-03
2.066587864174442846e-01
-9.142639099154536986e-01
-1.924937709433105493e-01
7.394711917237395404e-02
5.580011885054407816e-01
-7.342715052121531194e-01
5.035505271664577620e-01
-6.563566838974810302e-01
6.278211506690860588e-01
6.098083371394706909e-01
-4.036444622987112041e-02
1.238268945341546301e-01
2.512952927945184545e-01
1.879983882716810273e-01
4.188348380229076628e-01
1.243264219670541237e-01
1.093997600675213899e-01
-9.816994031053738468e-02
-4.657783191275586265e-01
1.294976876616285022e-01
2.279484528279820399e-01
4.359130662411060397e-01
-1.061931864992748942e-01
5.157773901831806951e-01
6.485799009043891061e-04
-4.481821884948447021e-01
-6.534151322776187154e-01
-6.783631804665350984e-01
8.180775885546132109e-02
2.975750327294468534e-03
6.333115675861692440e-01
2.614818101669692529e-01
4.942525134785338281e-01
5.826438586164823796e-01
1.792585007068625558e-01
5.378134651019546020e-01
-6.265063815590465879e-01
3.839209987490113107e-01
5.343287574538904128e-01
6.386561144559844694e-01
4.346930929662703447e-01
-5.710228451888987866e-01
5.445804274297705305e-01
1.165034153829771491e-01
-5.105798222812982790e-01
8.574057410495949938e-02
-1.212992012836531686e+00
7.322684670171315524e-01
-5.515048026380613422e-01
-1.981108103197537496e-02
-7.694013332689215723e-01
-3.148862490787296409e-01
2.800394738977409759e-01
3.896178721863183814e-01
5.308204243262626409e-02
-2.696152166276788442e-01
-3.446387814053679666e-01
-9.050182548736422916e-01
1.077764889746620769e-01
4.354198140580920473e-01
4.296778869626772801e-01
4.659782951126418826e-01
2.425908725672678568e-01
6.292544089823605136e-01
2.625816521981410023e-01
8.511200478400104963e-02
6.540121818197239811e-01
4.199605099097871719e-01
4.165775833629373759e-01
3.935629740988979552e-01
2.712583081336762403e-01
1.719690871785116704e-01
2.833966497521664962e-01
7.020645605365216646e-02
2.964648377384870859e-01
5.673094284571889023e-01
4.563389176505449063e-01
4.302596635693659577e-01
5.287564091625743812e-01
4.841335526365611042e-01
6.466154485269350882e-01
1.235872423162784894e-01
4.498569983860556398e-02
4.777874871328902096e-01
5.339407827639865989e-01
-1.468448084220919103e-01
3.625741878781356675e-01
4.411273008127154505e-01
-1.177995111423104646e-01
7.132795080457543513e-01
3.373770527715711509e-01
2.819940975324040089e-01
-4.065945664074648302e-01
3.696680019676320539e-01
6.515235721770640254e-02
9.674172091788235672e-02
-1.465769975005018377e+00
-7.356642878787811313e-01
5.888875134152780078e-01
-3.876422689661878085e-01
8.559968673661180194e-01
3.687170756567718088e-01
4.748239271115407556e-01
4.202201170980234268e-01
3.110407873442897486e-01
-4.054599777920873116e-01
-1.740656680766781150e-01
6.899901720825540874e-01
6.633346789261697074e-01
-2.415522432563861344e-01
6.368299034294238048e-01
-6.383233437936002286e-01
1.846576418810684794e-01
4.135290847569574879e-01
-2.176351913311251884e-01
-5.354564642274595165e-02
-2.761885497507896581e-01
7.909126609928684992e-02
-2.194400656640569380e-01
8.098252287230001123e-02
-3.661761114251715910e-02
5.946578081061311138e-01
8.753449155318415720e-02
2.235171413361104475e-01
-4.588677502203539760e-01
3.847797951066047606e-01
1.101331329922921043e-01
-1.365580313605640139e+00
8.090107692485251079e-01
3.033320306219312590e-01
5.801081671989596344e-01
2.977175270512522065e-01
1.972441781408690309e-01
-5.746710811148121323e-01
8.095533245719773729e-01
8.484893642426105664e-03
-3.089228115219382342e-01
5.150701333489872136e-01
6.217498394144405083e-01
6.251674094983208363e-01
5.393457237488826772e-01
4.680284226794033664e-01
3.360353784714927849e-01
2.953983264831153699e-01
4.804123984786334844e-01
2.534929894364170710e-01
-4.504330689090751960e-02
-4.182598242576816006e-01
2.011703174125396565e-01
2.038404489181310231e-01
4.886509842220714273e-01
6.887042770272253644e-01
3.683484330966768638e-03
6.625972509206823347e-01
-1.606819008368085555e-01
6.949581842193126580e-01
1.901685693229520080e-01
-2.602939044668921564e-01
2.080302053688467545e-01
-5.272470637805422022e-01
-8.061501081706623495e-02
5.650951429062616160e-01
2.876426025198470793e-01
3.144531237278195279e-01
5.205299339601832109e-01
2.428848096083178199e-01
4.662343693168478076e-01
6.135845875670828953e-01
-3.617368208437841126e-01
4.218575383708395021e-01
-9.420504187899414461e-02
-4.914577472188961238e-01
3.375793961546622590e-01
-3.130937775928264166e-01
-4.084019148581745640e-01
4.023726070789759302e-01
3.440702419254688671e-01
1.831605129953656208e-01
4.030716467292841942e-01
1.568849786939449098e-01
1.948874584794664244e-01
2.434965463387084306e-01
-5.056528038019378890e-01
1.570243929570991348e-01
-2.133847477216062050e-01
-1.844555981265161293e-01
8.612712781577314125e-02
-5.169364849775623938e-01
-8.419218010667934848e-01
-2.082086538484351212e-01
3.225684511102655527e-02
-1.650739313557398891e+00
4.503756229673652189e-01
5.458443930771470498e-01
4.357142571766891015e-01
3.202500416877549494e-01
8.037944317589018617e-02
3.267007661702987509e-01
-1.595149518393244037e-01
4.727037251237486970e-01
-8.057792757649195892e-02
4.368887775102968662e-01
4.996506047443030063e-01
-1.848458716808109248e+00
1.655858980300295435e-01
3.785032909743260010e-01
-7.713742547442614672e-02
-1.872167336312862140e-01
5.018473835504312364e-01
-2.522264552568702634e-01
-6.989424437632396625e-02
-4.245890058127166355e-02
6.958051704442361762e-01
3.178525567288786879e-01
2.768166863415852941e-01
3.120223463766274019e-01
-4.002761643270580372e-01
3.177564524369321797e-01
6.214682545452721030e-02
3.377351778963217921e-01
4.473589655077290228e-01
7.887417170544075429e-02
-1.282946911265723244e-01
5.483663448793312245e-01
4.737531655673279385e-01
5.495709877909240593e-01
-7.796329280099538739e-01
5.055670120216515517e-02
6.919199362748051918e-01
-2.033827211816142011e+00
3.109200861163059493e-01
2.249179075941865058e-01
5.553197795316562324e-01
3.828706955171089499e-01
-5.132080390111068979e-01
3.304180859952072780e-01
5.479257011340328276e-01
4.147421382544470569e-01
-3.253173444169150663e-01
1.172409741462495658e-01
9.477346103793424792e-01
7.240638908252482464e-01
1.044536032487426436e-01
7.304456956980875937e-02
-1.968153626081803331e-02
1.760238666742570679e-01
-1.522006445405255093e-02
-4.442564551218191049e-01
1.256365386232638492e-01
1.403527017350216788e-01
6.968946848694195229e-01
-3.782862881235575792e-01
-1.281692975477384255e-01
3.579168428605525865e-01
1.072179216805830837e-01
2.235507791860145144e-01
-1.035709514259708808e+00
2.920379151586321997e-01
3.030838131909161515e-01
-5.207783218477168852e-02
5.072311146912273916e-01
1.630507035151191886e-01
3.716356326978145219e-01
2.030585525290681259e-01
6.375233981565791019e-01
-2.950122386039311095e-02
3.649838546118737703e-01
5.115856464080339450e-01
-2.411738671322272154e-03
2.256612991969561000e-01
8.924305130476462011e-02
2.169828780279057234e-01
3.925995109997870713e-01
6.828773865445989522e-01
7.014749449673830517e-01
4.468004280202974021e-01
5.908304261239389898e-01
-7.874308548692465770e-02
-5.268022710173037026e-02
2.092258775440963836e-01
-8.172968811196104078e-01
-4.871558939831552859e-01
8.966396092181938560e-01
4.227898859348661054e-01
-8.230384570997970606e-01
-2.601600365203584619e-01
2.911885601764074849e-01
7.314465279636600537e-01
7.169962474768336591e-01
4.668166716623507462e-01
-1.437932802792856180e-01
-3.285020498573620884e-01
4.354651043136400501e-01
-5.634558942184326735e-01
3.602859320145894717e-01
-1.343443720619208470e-02
4.028379854204432453e-01
4.840086694817593571e-01
8.910384754125055817e-01
4.190743796529756704e-01
1.146174926047852649e-01
-5.198892090920677056e-01
7.386528465704333968e-01
4.457209746942127904e-01
8.936066352893242692e-01
-6.356396353554947254e-01
1.011036282635988659e-01
2.200104618020549685e-01
3.520202619935761668e-01
3.610999156668190935e-01
2.491497972516623083e-01
5.051682661857626044e-01
-4.235873915082741803e-01
1.914646959783270486e-01
4.093951674622082759e-01
-1.089106416778862219e-01
5.531240741867528010e-01
2.696840310456105616e-01
1.582653527019028949e-02
8.112826112044403404e-01
4.977917811673175930e-01
1.462833510214021082e-01
-1.312683358018273516e+00
-8.049683805252847435e-01
6.219329897539249696e-02
-3.970001748434661692e-01
7.836373177641036136e-01
6.673772663097410351e-02
-2.464980249478054830e-01
2.148474080757838411e-01
-1.093463279619437234e+00
-5.052611028612208344e-03
4.962229778452269535e-01
1.023290685605693362e-01
9.878697118106072317e-02
4.654551327888820644e-01
-7.998137550131168005e-02
-3.667946213214223761e-02
4.899604147471822158e-01
-2.306513459441636549e+00
-1.499549033498035477e-01
1.234976437438300989e-01
5.270189069445377905e-01
-4.433691340527079472e-01
7.290330698067681858e-01
-3.557359665182113773e-02
3.331077431031987945e-01
-1.416544083524956310e+00
-2.157483108346152090e-01
3.587169179339573244e-01
-2.806017043686830359e-01
-4.104557039360701154e-02
-1.629557985408924825e-01
-5.853162549149799609e-01
2.559583043456972185e-01
8.149386022640836558e-02
3.933295799139417959e-01
5.857583254686451468e-01
-3.412476856727872931e-01
1.083581533234745375e-01
5.994738463319290167e-01
3.664885109275155539e-01
2.908259960793191379e-01
1.269203136783353392e-01
-3.132885757222554357e-01
-1.885653428067597392e-01
4.039944318241397436e-01
-1.238592785728954038e+00
1.013815405851374862e-01
4.233071498178757608e-01
2.082040979630798150e-01
4.380272584973075034e-01
6.540319274499806212e-02
4.273346346663555728e-01
-1.499336210324342389e-02
-5.275661075524271659e-01
5.038486630529188659e-01
1.666515317440353527e-01
3.654033851060369820e-01
6.422534196963902708e-02
-7.010503969504511268e-02
-5.606334385705831203e-01
2.223646873105122879e-01
1.231918630498654021e-01
5.578657313053770883e-01
2.433728690439540543e-01
1.786629440826312809e-01
3.921860031206064745e-01
4.545972079980750147e-01
4.890247057579322210e-01
-8.078632992431535875e-01
1.140944385639595104e-01
3.967535627837546208e-01
9.766147178517425864e-03
2.111407807773779677e-02
-2.692453443617044417e-01
8.366586465662414485e-01
9.270932692410089881e-01
3.105706743315225227e-01
5.319168676265813023e-01
-3.893937559292015571e-01
-1.585352901357782951e+00
-2.497141460522114276e-01
-3.326126898296712930e-01
3.519458880277568369e-01
2.523593717783231272e-01
-4.879428734975888027e-01
2.987147777566325768e-01
5.557483971231318431e-01
-7.902024163365872766e-02
5.381892009267225108e-01
-7.188222325415043468e-01
5.285575536229604188e-01
-7.258830948509320535e-01
3.044826808646787786e-01
3.590551241951694950e-01
-5.561000781987601727e-01
4.439060701081782856e-01
1.350483320535030840e-01
-5.946349448673049487e-02
7.014114509058364533e-01
-5.220499234745097361e-01
-5.667176013508523624e-02
4.947770100410906480e-01
6.391965628447701109e-01
-5.948387742725458338e-02
5.218264997990760268e-01
2.352504682290591509e-01
4.992409392333718721e-02
2.795912028360036938e-01
5.649257028763493560e-01
1.884940457403443403e-01
4.119560995574933493e-01
3.390420271771862337e-01
9.982577723465158037e-02
4.193526147574709873e-01
1.365927736610645926e-01
2.937039611389185012e-01
2.834608295427362146e-01
2.071992009708616411e-01
4.282418565330636806e-01
2.247634252017256529e-01
2.904624513998705915e-01
-3.350825043717819973e-01
1.429030193728308973e-01
6.404482805062164941e-01
-7.727899751134064132e-01
5.987470902335716438e-01
-1.158688397632787748e-01
3.761507109108512825e-01
2.358860505937772079e-01
7.577426913544051956e-01
5.909046358012017830e-01
-2.488329676616172215e-01
-7.935412316726357940e-01
2.429177922730416661e-01
5.662759610515021302e-01
3.964348635309312696e-01
-1.914732983041374403e+00
-1.780558699489547259e-01
3.532927278565841656e-01
2.436512935080473730e-01
1.355836840154454048e-01
-9.542249820627617396e-01
7.330974523262034914e-03
3.339125052296066931e-01
4.962474672371399720e-01
3.261152173743253613e-01
-3.364918629288404794e-01
-8.833560978900658611e-01
4.942521577111261832e-01
1.655665014377778466e-01
1.258754623764766212e-01
6.894870622592200737e-01
9.379516129562237570e-02
1.215436313592594963e-01
1.354188718466260433e-01
1.599630430373719658e-01
4.342700545775428633e-01
5.289738819389433466e-03
-3.884546121155940668e-02
-2.265345120771582454e-01
-3.726533765360700023e-01
-3.158188347208703561e-01
4.102403314895867181e-01
1.537362125266529267e-01
-1.169188434822698852e-01
2.856252683054769648e-01
6.350684510769044611e-01
7.753975124850736034e-01
8.029138473537542620e-01
9.058695178060320874e-01
-2.289438901736608578e+00
2.692425390589336942e-02
3.981249234159036643e-01
5.399496295895542808e-01
4.610134976972660725e-01
-1.906451269158946360e-01
2.132972096709542242e-01
1.506432998881930274e-01
6.723512018952197966e-01
4.447428345206179134e-01
1.217467003922938495e-01
-3.144805563214847499e-01
3.200998918342875532e-01
3.236673703085194420e-01
5.136453065207984281e-01
5.135618353755773136e-01
-1.716401599200745309e-02
3.893160666120324409e-01
4.031435106653539213e-01
-1.236341092589570145e-01
5.982941450119962923e-01
4.517721514505003144e-01
2.306791982275452346e-01
-9.412559904643513775e-02
-3.173337022265476648e-01
-1.558076547928901601e-01
-2.542052235241560876e-01
4.110204033593256590e-01
7.434305488867873901e-01
6.943052880521278780e-01
3.143744336813909523e-01
-4.095562074599494728e-01
1.495302924167158931e-01
4.106440805013137352e-01
-1.178083905133107123e-01
6.389612345662862847e-01
4.557797937777119390e-01
1.081966190407027684e-01
6.208798662597034834e-01
4.407895216332224919e-02
5.334170535007232150e-01
3.769038254537412369e-01
6.743589267320344582e-01
6.783869858634603567e-01
-1.809540335957540158e-01
2.506329332458784309e-01
5.775591700934341599e-01
2.472507622992521359e-01
-5.577643054414416213e-02
5.468195685957530916e-01
1.343781439405418165e-01
9.774124563282238221e-02
5.934636370620254286e-01
2.776444951094658720e-02
2.155020427741245470e-01
3.557259232268252802e-01
8.047438029215103761e-02
5.953147554193018998e-01
1.413405848937159259e-01
7.828058674838433983e-01
-1.383668029861044868e-01
-1.601303920829648675e-01
1.623767641908302473e-02
4.079589601823727651e-01
2.967846250865826541e-01
-1.101025137281470556e-01
6.222372373377058619e-01
5.602700886425103777e-01
3.175697381528433949e-01
2.441293061929137309e-01
1.987291105187278806e-01
2.576674082267953469e-01
6.828989212226539429e-01
-4.581749651363198339e-02
7.235476002717946553e-01
4.620527936090801369e-01
-9.928810159426382231e-01
-1.429600777175488169e-02
8.281369417254076382e-01
2.447932726145122251e-01
-4.101933428735851095e-01
-6.113571023204249499e-01
4.746452385567331289e-01
2.897414087080146805e-01
-6.814963221676033633e-01
1.405952292401599912e-01
-1.946231725775748878e-01
-1.073866470993897870e+00
1.331319441785114854e-01
6.257142437380146527e-01
3.798129166116999134e-01
5.747453939275599666e-01
9.714322789453366802e-02
9.747613838488897731e-01
-2.876677770174693727e-01
1.927687039982948214e-01
5.616167417071177281e-01
-6.988816698069566513e-02
5.907902715357409296e-01
3.225157834817026226e-01
1.600634863722888435e-01
-4.660784957347163804e-02
2.853545637656624834e-01
-6.441450913580881732e-01
4.555188633253823838e-01
-6.742444210781277647e-01
3.280897157253345187e-01
-2.246421020255251477e-01
-6.418759990749676181e-01
-7.579482972323416945e-01
2.734126223151502888e-01
7.450260910414128190e-01
9.805236325165767042e-02
8.261217053091174378e-02
4.422363013940036058e-01
2.668141352170622094e-01
1.542590291917509404e-01
5.524499644562366196e-01
2.799239717464118149e-01
-4.859818117961978157e-01
3.124516620725459326e-02
8.242245495791441501e-01
1.470345926889297106e-01
2.151960551820417678e-01
-2.830396956252114737e-01
2.321228440134485149e-01
6.730204270223963947e-01
-5.255724036700382129e-02
5.164484863682814453e-01
3.765348931357739293e-01
7.811221617886852098e-01
5.400969506905921591e-01
2.221665940925141580e-01
6.762009091825671447e-03
2.390721998555727090e-01
2.033576901839646567e-01
-7.773344814112448375e-02
7.740844486093312327e-01
5.238419127423176169e-01
4.309556220918864256e-02
4.828580490176941353e-01
6.241497851397957985e-01
3.721253933586519125e-01
5.059504210226284382e-01
1.796196808060668282e-01
-4.943510938296831192e-01
7.226543405481166138e-01
3.088150661776553063e-01
1.994184115702180016e-01
3.285578396149900771e-01
3.324590626160923712e-01
2.180574777218446947e-02
9.147573849063090901e-01
-1.683170898825046002e-01
2.783183446925974192e-01
3.776528779826113791e-01
-6.860652078624762673e-01
2.426993845782967618e-01
7.160796631874117857e-01
4.481468329722508859e-01
-1.428371494751563553e-01
4.330057739641868242e-01
-7.473302438027775718e-01
4.866933203104021333e-01
3.905403418271292670e-01
5.867007478937694698e-01
1.062930035752984725e-01
5.269962304644654205e-01
3.203426293445663653e-01
2.767960788867867006e-01
6.680446773709318720e-01
3.910152600334378947e-01
3.059531655608839218e-01
-2.447948731046176718e-01
-1.227321291789884139e+00
5.517582977115330634e-01
2.377246181224046406e-01
-5.639182049544206876e-01
6.410617927604371769e-01
8.212703405606356366e-01
-7.647837669026125162e-02
4.980328200501323854e-01
2.259063438383697164e-01
-7.427795299277795138e-02
5.945728872036371015e-02
-5.597896197216178926e-01
5.555812368364001497e-01
4.719962393036660764e-01
5.531985266116294930e-01
2.993966600243600507e-01
2.837537509644146860e-01
