2.043333333333333446e+00 0.000000000000000000e+00
2.129999999999999893e+00 0.000000000000000000e+00
2.216666666666666785e+00 0.000000000000000000e+00
2.303333333333333233e+00 0.000000000000000000e+00
2.390000000000000124e+00 1.592700795448060021e-04
2.476666666666666572e+00 3.059830580659440163e-02
2.563333333333333464e+00 4.726766191523680272e-01
2.649999999999999911e+00 1.758538074271314811e+00
2.736666666666666803e+00 2.832106763762734403e+00
2.823333333333333250e+00 2.802181878239411894e+00
2.910000000000000142e+00 2.210985453800786704e+00
2.996666666666666590e+00 1.651614421210148898e+00
3.083333333333333481e+00 1.291895332068886182e+00
3.169999999999999929e+00 1.103507136564471747e+00
3.256666666666666821e+00 1.000835437652022541e+00
3.343333333333333268e+00 9.536032300468177958e-01
3.430000000000000160e+00 9.393746744388143943e-01
3.516666666666666607e+00 9.328660740978652610e-01
3.603333333333333499e+00 9.427592645567133278e-01
3.689999999999999947e+00 9.540491443557815865e-01
3.776666666666666838e+00 9.624478581332268634e-01
3.863333333333333286e+00 9.787543889315257761e-01
3.950000000000000178e+00 9.965267829727358917e-01
4.036666666666667069e+00 1.018126732683574787e+00
4.123333333333333073e+00 1.042903765010544381e+00
4.210000000000000853e+00 1.058615665907422176e+00
4.296666666666666856e+00 1.076647294617230521e+00
4.383333333333332860e+00 1.089254796646697665e+00
4.470000000000000639e+00 1.097785078725475039e+00
4.556666666666666643e+00 1.099258065430786191e+00
4.643333333333332646e+00 1.094896726953622279e+00
4.730000000000000426e+00 1.091765109197684769e+00
4.816666666666666430e+00 1.078022128835754989e+00
4.903333333333334210e+00 1.070160771533713362e+00
4.990000000000000213e+00 1.056424477587087463e+00
5.076666666666666217e+00 1.042749043164633349e+00
5.163333333333333997e+00 1.030247109542655748e+00
5.250000000000000000e+00 1.015372891507206665e+00
5.336666666666666003e+00 1.005034761403079013e+00
5.423333333333333783e+00 9.940741525553660196e-01
5.509999999999999787e+00 9.862223521662428771e-01
5.596666666666667567e+00 9.745943900826440354e-01
5.683333333333333570e+00 9.730973310088762984e-01
5.769999999999999574e+00 9.710393666124162992e-01
5.856666666666667354e+00 9.811180756262428693e-01
5.943333333333333357e+00 9.869122579250317884e-01
6.029999999999999361e+00 9.967597553018823220e-01
6.116666666666667140e+00 1.010028135336525246e+00
6.203333333333333144e+00 1.020342251646636278e+00
6.290000000000000924e+00 1.029865875527014252e+00
6.376666666666666927e+00 1.042287707730668478e+00
6.463333333333332931e+00 1.049876814437411321e+00
6.550000000000000711e+00 1.059933988908798641e+00
6.636666666666666714e+00 1.060318458995491264e+00
6.723333333333332718e+00 1.066141969802075540e+00
6.810000000000000497e+00 1.067206489620863286e+00
6.896666666666666501e+00 1.068637674304953711e+00
6.983333333333334281e+00 1.062927735451476341e+00
7.070000000000000284e+00 1.060994710676414154e+00
7.156666666666666288e+00 1.055970495125143849e+00
7.243333333333334068e+00 1.054359421675121311e+00
7.330000000000000071e+00 1.047319047549977844e+00
7.416666666666666075e+00 1.041182967294860706e+00
7.503333333333333854e+00 1.037138086879015875e+00
7.589999999999999858e+00 1.031001148553753577e+00
7.676666666666667638e+00 1.026159952306239020e+00
7.763333333333333641e+00 1.021111444983794581e+00
7.849999999999999645e+00 1.019081999624767976e+00
7.936666666666667425e+00 1.016707977691257314e+00
8.023333333333333428e+00 1.014296397237348435e+00
8.109999999999999432e+00 1.013565941236683088e+00
8.196666666666665435e+00 1.013650375008783744e+00
8.283333333333334991e+00 1.019929508203776036e+00
8.370000000000000995e+00 1.018371300495284792e+00
8.456666666666666998e+00 1.019570147020197659e+00
8.543333333333333002e+00 1.019674545831199097e+00
8.629999999999999005e+00 1.024799073726389453e+00
8.716666666666666785e+00 1.023326972387507583e+00
8.803333333333334565e+00 1.025799541260004499e+00
8.890000000000000568e+00 1.027931573380957531e+00
8.976666666666666572e+00 1.027606131969059922e+00
9.063333333333332575e+00 1.029706386595060641e+00
9.150000000000000355e+00 1.027381332381030798e+00
9.236666666666668135e+00 1.029188731654862687e+00
9.323333333333334139e+00 1.027339894215131721e+00
9.410000000000000142e+00 1.027781998634686333e+00
9.496666666666666146e+00 1.025715019228648384e+00
9.583333333333332149e+00 1.025652163573454789e+00
9.670000000000001705e+00 1.025917172994953219e+00
9.756666666666667709e+00 1.026268543224603480e+00
9.843333333333333712e+00 1.024588268683098713e+00
9.929999999999999716e+00 1.025039373703420686e+00
1.001666666666666572e+01 1.023075753175790581e+00
1.010333333333333350e+01 1.023405585746949065e+00
1.019000000000000128e+01 1.023121462878817001e+00
1.027666666666666728e+01 1.022931341513676040e+00
1.036333333333333329e+01 1.021359090817888671e+00
1.044999999999999929e+01 1.020991170768886125e+00
1.053666666666666707e+01 1.023160602976511901e+00
1.062333333333333485e+01 1.022777122964988017e+00
1.071000000000000085e+01 1.022214895658071443e+00
1.079666666666666686e+01 1.021210625092038082e+00
1.088333333333333286e+01 1.020798379927779553e+00
1.097000000000000064e+01 1.021196306849850854e+00
1.105666666666666664e+01 1.021484651929571053e+00
1.114333333333333442e+01 1.020583554725112974e+00
1.123000000000000043e+01 1.021129181615484161e+00
1.131666666666666643e+01 1.019729973755652441e+00
1.140333333333333243e+01 1.020839518564561343e+00
1.149000000000000021e+01 1.019368238930714599e+00
1.157666666666666799e+01 1.018937792827803612e+00
1.166333333333333400e+01 1.018477753909048378e+00
1.175000000000000000e+01 1.017332193083765546e+00
1.183666666666666600e+01 1.017986670790049786e+00
1.192333333333333378e+01 1.018456131158675948e+00
1.201000000000000156e+01 1.017912545353975684e+00
1.209666666666666757e+01 1.017238267174220168e+00
1.218333333333333357e+01 1.017438783837092631e+00
1.226999999999999957e+01 1.017775405145690426e+00
1.235666666666666735e+01 1.017466503029259117e+00
1.244333333333333336e+01 1.016211552821377762e+00
1.253000000000000114e+01 1.015852677282760963e+00
1.261666666666666714e+01 1.016717531199069491e+00
1.270333333333333314e+01 1.015767765391760058e+00
1.278999999999999915e+01 1.015805131212685897e+00
1.287666666666666693e+01 1.015422964320649379e+00
1.296333333333333471e+01 1.016828383606545261e+00
1.305000000000000071e+01 1.015408194854092061e+00
1.313666666666666671e+01 1.017118456455762265e+00
1.322333333333333272e+01 1.015795331198704909e+00
1.331000000000000050e+01 1.015111604901471232e+00
1.339666666666666828e+01 1.016349334121146475e+00
1.348333333333333428e+01 1.015021143165251161e+00
1.357000000000000028e+01 1.015879673233124558e+00
1.365666666666666629e+01 1.014849434743007262e+00
1.374333333333333407e+01 1.015725615967390860e+00
1.383000000000000007e+01 1.015071674988176964e+00
1.391666666666666785e+01 1.014361296190430917e+00
1.400333333333333385e+01 1.012789831745878555e+00
1.408999999999999986e+01 1.012683855172585412e+00
1.417666666666666586e+01 1.013510247926206143e+00
1.426333333333333364e+01 1.012813153125552423e+00
1.435000000000000142e+01 1.012635080813820920e+00
1.443666666666666742e+01 1.012767640083628073e+00
1.452333333333333343e+01 1.012929315109080797e+00
1.460999999999999943e+01 1.012677438007967945e+00
1.469666666666666721e+01 1.012174633174132810e+00
1.478333333333333499e+01 1.013198297954427618e+00
1.487000000000000099e+01 1.011895859950325383e+00
1.495666666666666700e+01 1.011386840562308320e+00
