2.043333333333333446e+00 0.000000000000000000e+00
2.129999999999999893e+00 0.000000000000000000e+00
2.216666666666666785e+00 0.000000000000000000e+00
2.303333333333333233e+00 0.000000000000000000e+00
2.390000000000000124e+00 1.274412251047121888e-04
2.476666666666666572e+00 3.048566919846020309e-02
2.563333333333333464e+00 4.674727990847416526e-01
2.649999999999999911e+00 1.779825223831706715e+00
2.736666666666666803e+00 2.847872002396231395e+00
2.823333333333333250e+00 2.809864382426334739e+00
2.910000000000000142e+00 2.207940376459641918e+00
2.996666666666666590e+00 1.636573236718753099e+00
3.083333333333333481e+00 1.282037838128669005e+00
3.169999999999999929e+00 1.083970235795539860e+00
3.256666666666666821e+00 9.873735978506278377e-01
3.343333333333333268e+00 9.437170109059210832e-01
3.430000000000000160e+00 9.321231173569994866e-01
3.516666666666666607e+00 9.319833346068476798e-01
3.603333333333333499e+00 9.345736197140014356e-01
3.689999999999999947e+00 9.479184894747584300e-01
3.776666666666666838e+00 9.644179631763628580e-01
3.863333333333333286e+00 9.816578133281956831e-01
3.950000000000000178e+00 1.006799145609429624e+00
4.036666666666667069e+00 1.023381952623417801e+00
4.123333333333333073e+00 1.042925053674149449e+00
4.210000000000000853e+00 1.064105374682005056e+00
4.296666666666666856e+00 1.084379553222046821e+00
4.383333333333332860e+00 1.096875119053130954e+00
4.470000000000000639e+00 1.108181030129905320e+00
4.556666666666666643e+00 1.103864556644008621e+00
4.643333333333332646e+00 1.102136291830959181e+00
4.730000000000000426e+00 1.095663838024266257e+00
4.816666666666666430e+00 1.084622735954001493e+00
4.903333333333334210e+00 1.077416040119941298e+00
4.990000000000000213e+00 1.059765169861003997e+00
5.076666666666666217e+00 1.048503897983911415e+00
5.163333333333333997e+00 1.032580546669643384e+00
5.250000000000000000e+00 1.022951004237107941e+00
5.336666666666666003e+00 1.010112476079789268e+00
5.423333333333333783e+00 9.954740265083827921e-01
5.509999999999999787e+00 9.841090738184120612e-01
5.596666666666667567e+00 9.762264400112891094e-01
5.683333333333333570e+00 9.708284934791596710e-01
5.769999999999999574e+00 9.739604246232912432e-01
5.856666666666667354e+00 9.799534321334441023e-01
5.943333333333333357e+00 9.881144793397032000e-01
6.029999999999999361e+00 9.966224702665963386e-01
6.116666666666667140e+00 1.013005336620386831e+00
6.203333333333333144e+00 1.019662832012844467e+00
6.290000000000000924e+00 1.033172143486055905e+00
6.376666666666666927e+00 1.044978884659983009e+00
6.463333333333332931e+00 1.051176621643539200e+00
6.550000000000000711e+00 1.060896312711065770e+00
6.636666666666666714e+00 1.067378091573607080e+00
6.723333333333332718e+00 1.071810305274852881e+00
6.810000000000000497e+00 1.071990353583419209e+00
6.896666666666666501e+00 1.074539762871246751e+00
6.983333333333334281e+00 1.070601057629868125e+00
7.070000000000000284e+00 1.067402527881588847e+00
7.156666666666666288e+00 1.062063755988894576e+00
7.243333333333334068e+00 1.060594247302411475e+00
7.330000000000000071e+00 1.053541234018550599e+00
7.416666666666666075e+00 1.046156559450615031e+00
7.503333333333333854e+00 1.042500842093887048e+00
7.589999999999999858e+00 1.035935161919121494e+00
7.676666666666667638e+00 1.032525634538155268e+00
7.763333333333333641e+00 1.026607725997383369e+00
7.849999999999999645e+00 1.025318157146911213e+00
7.936666666666667425e+00 1.022191359171566782e+00
8.023333333333333428e+00 1.021288694743812897e+00
8.109999999999999432e+00 1.021580100978298322e+00
8.196666666666665435e+00 1.022417871126414690e+00
8.283333333333334991e+00 1.021595841716377739e+00
8.370000000000000995e+00 1.025106364078687049e+00
8.456666666666666998e+00 1.026517696848627814e+00
8.543333333333333002e+00 1.025631865716227331e+00
8.629999999999999005e+00 1.027761122389014181e+00
8.716666666666666785e+00 1.028100788694441103e+00
8.803333333333334565e+00 1.033107578942477289e+00
8.890000000000000568e+00 1.033761846507888382e+00
8.976666666666666572e+00 1.033246329097849525e+00
9.063333333333332575e+00 1.034650252386316804e+00
9.150000000000000355e+00 1.035602798453263640e+00
9.236666666666668135e+00 1.033795179551175059e+00
9.323333333333334139e+00 1.034286569847626236e+00
9.410000000000000142e+00 1.034747454104952613e+00
9.496666666666666146e+00 1.034830114011640267e+00
9.583333333333332149e+00 1.032815238867882179e+00
9.670000000000001705e+00 1.033758993946608973e+00
9.756666666666667709e+00 1.031523183458702420e+00
9.843333333333333712e+00 1.032367910295428626e+00
9.929999999999999716e+00 1.030202927143486269e+00
1.001666666666666572e+01 1.030608275377011385e+00
1.010333333333333350e+01 1.031310865130254717e+00
1.019000000000000128e+01 1.028212175235401427e+00
1.027666666666666728e+01 1.030970939477174220e+00
1.036333333333333329e+01 1.029802938789127653e+00
1.044999999999999929e+01 1.030007150641722768e+00
1.053666666666666707e+01 1.029530886495158226e+00
1.062333333333333485e+01 1.030254652002551063e+00
1.071000000000000085e+01 1.031681072290035805e+00
1.079666666666666686e+01 1.030437517696853211e+00
1.088333333333333286e+01 1.031843138372440016e+00
1.097000000000000064e+01 1.029755326354676592e+00
1.105666666666666664e+01 1.030032331476427254e+00
1.114333333333333442e+01 1.029083823476848458e+00
1.123000000000000043e+01 1.030980178511837098e+00
1.131666666666666643e+01 1.027219596333459384e+00
1.140333333333333243e+01 1.028299480021941381e+00
1.149000000000000021e+01 1.026736404240702782e+00
1.157666666666666799e+01 1.027304442668080853e+00
1.166333333333333400e+01 1.027125474207887468e+00
1.175000000000000000e+01 1.029459459061667470e+00
1.183666666666666600e+01 1.028501663976803426e+00
1.192333333333333378e+01 1.025592705194776189e+00
1.201000000000000156e+01 1.025608906857497171e+00
1.209666666666666757e+01 1.025063806905599950e+00
1.218333333333333357e+01 1.025945328697799308e+00
1.226999999999999957e+01 1.026298386024505627e+00
1.235666666666666735e+01 1.027181949924999893e+00
1.244333333333333336e+01 1.026417686943996044e+00
1.253000000000000114e+01 1.025983990517128852e+00
1.261666666666666714e+01 1.024930759991088847e+00
1.270333333333333314e+01 1.025050187006368185e+00
1.278999999999999915e+01 1.026639405816164308e+00
1.287666666666666693e+01 1.023828539148645467e+00
1.296333333333333471e+01 1.025926638865314322e+00
1.305000000000000071e+01 1.025828506959548081e+00
1.313666666666666671e+01 1.026058140455062828e+00
1.322333333333333272e+01 1.025583414349992895e+00
1.331000000000000050e+01 1.026448980638383635e+00
1.339666666666666828e+01 1.024839879185679425e+00
1.348333333333333428e+01 1.024865871381849924e+00
1.357000000000000028e+01 1.025093244533484382e+00
1.365666666666666629e+01 1.024934668021590722e+00
1.374333333333333407e+01 1.024162774802530151e+00
1.383000000000000007e+01 1.024317178739155398e+00
1.391666666666666785e+01 1.024706187015936631e+00
1.400333333333333385e+01 1.023802123643137163e+00
1.408999999999999986e+01 1.023472762007570980e+00
1.417666666666666586e+01 1.023899015075541374e+00
1.426333333333333364e+01 1.023648678338692442e+00
1.435000000000000142e+01 1.022770187387079366e+00
1.443666666666666742e+01 1.022631019732017643e+00
1.452333333333333343e+01 1.022771364846638109e+00
1.460999999999999943e+01 1.023412838794758750e+00
1.469666666666666721e+01 1.022178064014931831e+00
1.478333333333333499e+01 1.022159569012190294e+00
1.487000000000000099e+01 1.021322596608938760e+00
1.495666666666666700e+01 1.022690261943802081e+00
